0 0 0 32 32
1 0 0 32 32
2 0 0 32 32
3 0 0 32 32
4 0 0 32 32
5 0 0 32 32
6 0 0 32 32
7 0 0 32 32
8 0 0 32 32
9 0 0 32 32
10 0 0 32 32
11 0 0 32 32
12 0 0 32 32
13 0 0 32 32
14 0 0 32 32
15 0 0 32 32
16 0 0 32 32
17 0 0 32 32
18 0 0 32 32
19 0 0 32 32
20 0 0 32 32
21 0 0 32 32
22 0 0 32 32
23 0 0 32 32
24 0 0 32 32
25 0 0 32 32
26 0 0 32 32
27 0 0 32 32
28 0 0 32 32
29 0 0 32 32
30 0 0 32 32
31 0 0 32 32
32 0 0 32 32
33 0 0 32 32
34 0 0 32 32
35 0 0 32 32
36 0 0 32 32
37 0 0 32 32
38 0 0 32 32
39 0 0 32 32
40 0 0 32 32
41 0 0 32 32
42 0 0 32 32
43 0 0 32 32
44 0 0 32 32
45 0 0 32 32
46 0 0 32 32
47 0 0 32 32
48 0 0 32 32
49 0 0 32 32
50 0 0 32 32
51 0 0 32 32
52 0 0 32 32
53 0 0 32 32
54 0 0 32 32
55 0 0 32 32
56 0 0 32 32
57 0 0 32 32
58 0 0 32 32
59 0 0 32 32
60 0 0 32 32
61 0 0 32 32
62 0 0 32 32
63 0 0 32 32
64 0 0 32 32
65 0 0 32 32
66 0 0 32 32
67 0 0 32 32
68 0 0 32 32
69 0 0 32 32
70 0 0 32 32
71 0 0 32 32
72 0 0 32 32
73 0 0 32 32
74 0 0 32 32
75 0 0 32 32
76 0 0 32 32
77 0 0 32 32
78 0 0 32 32
79 0 0 32 32
80 0 0 32 32
81 0 0 32 32
82 0 0 32 32
83 0 0 32 32
84 0 0 32 32
85 0 0 32 32
86 0 0 32 32
87 0 0 32 32
88 0 0 32 32
89 0 0 32 32
90 0 0 32 32
91 0 0 32 32
92 0 0 32 32
93 0 0 32 32
94 0 0 32 32
95 0 0 32 32
96 0 0 32 32
97 0 0 32 32
98 0 0 32 32
99 0 0 32 32
100 0 0 32 32
101 0 0 32 32
102 0 0 32 32
103 0 0 32 32
104 0 0 32 32
105 0 0 32 32
106 0 0 32 32
107 0 0 32 32
108 0 0 32 32
109 0 0 32 32
110 0 0 32 32
111 0 0 32 32
112 0 0 32 32
113 0 0 32 32
114 0 0 32 32
115 0 0 32 32
116 0 0 32 32
117 0 0 32 32
118 0 0 32 32
119 0 0 32 32
120 0 0 32 32
121 0 0 32 32
122 0 0 32 32
123 0 0 32 32
124 0 0 32 32
125 0 0 32 32
126 0 0 32 32
127 0 0 32 32
128 0 0 32 32
129 0 0 32 32
130 0 0 32 32
131 0 0 32 32
132 0 0 32 32
133 0 0 32 32
134 0 0 32 32
135 0 0 32 32
136 0 0 32 32
137 0 0 32 32
138 0 0 32 32
139 0 0 32 32
140 0 0 32 32
141 0 0 32 32
142 0 0 32 32
143 0 0 32 32
144 0 0 32 32
145 0 0 32 32
146 0 0 32 32
147 0 0 32 32
148 0 0 32 32
149 0 0 32 32
150 0 0 32 32
151 0 0 32 32
152 0 0 32 32
153 0 0 32 32
154 0 0 32 32
155 0 0 32 32
156 0 0 32 32
157 0 0 32 32
158 0 0 32 32
159 0 0 32 32
160 0 0 32 32
161 0 0 32 32
162 0 0 32 32
163 0 0 32 32
164 0 0 32 32
165 0 0 32 32
166 0 0 32 32
167 0 0 32 32
168 0 0 32 32
169 0 0 32 32
170 0 0 32 32
171 0 0 32 32
172 0 0 32 32
173 0 0 32 32
174 0 0 32 32
175 0 0 32 32
176 0 0 32 32
177 0 0 32 32
178 0 0 32 32
179 0 0 32 32
180 0 0 32 32
181 0 0 32 32
182 0 0 32 32
183 0 0 32 32
184 0 0 32 32
185 0 0 32 32
186 0 0 32 32
187 0 0 32 32
188 0 0 32 32
189 0 0 32 32
190 0 0 32 32
191 0 0 32 32
192 0 0 32 32
193 0 0 32 32
194 0 0 32 32
195 0 0 32 32
196 0 0 32 32
197 0 0 32 32
198 0 0 32 32
199 0 0 32 32
200 0 0 32 32
201 0 0 32 32
202 0 0 32 32
203 0 0 32 32
204 0 0 32 32
205 0 0 32 32
206 0 0 32 32
207 0 0 32 32
208 0 0 32 32
209 0 0 32 32
210 0 0 32 32
211 0 0 32 32
212 0 0 32 32
213 0 0 32 32
214 0 0 32 32
215 0 0 32 32
216 0 0 32 32
217 0 0 32 32
218 0 0 32 32
219 0 0 32 32
220 0 0 32 32
221 0 0 32 32
222 0 0 32 32
223 0 0 32 32
224 0 0 32 32
225 0 0 32 32
226 0 0 32 32
227 0 0 32 32
228 0 0 32 32
229 0 0 32 32
230 0 0 32 32
231 0 0 32 32
232 0 0 32 32
233 0 0 32 32
234 0 0 32 32
235 0 0 32 32
236 0 0 32 32
237 0 0 32 32
238 0 0 32 32
239 0 0 32 32
240 0 0 32 32
241 0 0 32 32
242 0 0 32 32
243 0 0 32 32
244 0 0 32 32
245 0 0 32 32
246 0 0 32 32
247 0 0 32 32
248 0 0 32 32
249 0 0 32 32
250 0 0 32 32
251 0 0 32 32
252 0 0 32 32
253 0 0 32 32
254 0 0 32 32
255 0 0 32 32
256 0 0 32 32
257 0 0 32 32
258 0 0 32 32
259 0 0 32 32
260 0 0 32 32
261 0 0 32 32
262 0 0 32 32
263 0 0 32 32
264 0 0 32 32
265 0 0 32 32
266 0 0 32 32
267 0 0 32 32
268 0 0 32 32
269 0 0 32 32
270 0 0 32 32
271 0 0 32 32
272 0 0 32 32
273 0 0 32 32
274 0 0 32 32
275 0 0 32 32
276 0 0 32 32
277 0 0 32 32
278 0 0 32 32
279 0 0 32 32
280 0 0 32 32
281 0 0 32 32
282 0 0 32 32
283 0 0 32 32
284 0 0 32 32
285 0 0 32 32
286 0 0 32 32
287 0 0 32 32
288 0 0 32 32
289 0 0 32 32
290 0 0 32 32
291 0 0 32 32
292 0 0 32 32
293 0 0 32 32
294 0 0 32 32
295 0 0 32 32
296 0 0 32 32
297 0 0 32 32
298 0 0 32 32
299 0 0 32 32
300 0 0 32 32
301 0 0 32 32
302 0 0 32 32
303 0 0 32 32
304 0 0 32 32
305 0 0 32 32
306 0 0 32 32
307 0 0 32 32
308 0 0 32 32
309 0 0 32 32
310 0 0 32 32
311 0 0 32 32
312 0 0 32 32
313 0 0 32 32
314 0 0 32 32
315 0 0 32 32
316 0 0 32 32
317 0 0 32 32
318 0 0 32 32
319 0 0 32 32
320 0 0 32 32
321 0 0 32 32
322 0 0 32 32
323 0 0 32 32
324 0 0 32 32
325 0 0 32 32
326 0 0 32 32
327 0 0 32 32
328 0 0 32 32
329 0 0 32 32
330 0 0 32 32
331 0 0 32 32
332 0 0 32 32
333 0 0 32 32
334 0 0 32 32
335 0 0 32 32
336 0 0 32 32
337 0 0 32 32
338 0 0 32 32
339 0 0 32 32
340 0 0 32 32
341 0 0 32 32
342 0 0 32 32
343 0 0 32 32
344 0 0 32 32
345 0 0 32 32
346 0 0 32 32
347 0 0 32 32
348 0 0 32 32
349 0 0 32 32
350 0 0 32 32
351 0 0 32 32
352 0 0 32 32
353 0 0 32 32
354 0 0 32 32
355 0 0 32 32
356 0 0 32 32
357 0 0 32 32
358 0 0 32 32
359 0 0 32 32
360 0 0 32 32
361 0 0 32 32
362 0 0 32 32
363 0 0 32 32
364 0 0 32 32
365 0 0 32 32
366 0 0 32 32
367 0 0 32 32
368 0 0 32 32
369 0 0 32 32
370 0 0 32 32
371 0 0 32 32
372 0 0 32 32
373 0 0 32 32
374 0 0 32 32
375 0 0 32 32
376 0 0 32 32
377 0 0 32 32
378 0 0 32 32
379 0 0 32 32
380 0 0 32 32
381 0 0 32 32
382 0 0 32 32
383 0 0 32 32
384 0 0 32 32
385 0 0 32 32
386 0 0 32 32
387 0 0 32 32
388 0 0 32 32
389 0 0 32 32
390 0 0 32 32
391 0 0 32 32
392 0 0 32 32
393 0 0 32 32
394 0 0 32 32
395 0 0 32 32
396 0 0 32 32
397 0 0 32 32
398 0 0 32 32
399 0 0 32 32
400 0 0 32 32
401 0 0 32 32
402 0 0 32 32
403 0 0 32 32
404 0 0 32 32
405 0 0 32 32
406 0 0 32 32
407 0 0 32 32
408 0 0 32 32
409 0 0 32 32
410 0 0 32 32
411 0 0 32 32
412 0 0 32 32
413 0 0 32 32
414 0 0 32 32
415 0 0 32 32
416 0 0 32 32
417 0 0 32 32
418 0 0 32 32
419 0 0 32 32
420 0 0 32 32
421 0 0 32 32
422 0 0 32 32
423 0 0 32 32
424 0 0 32 32
425 0 0 32 32
426 0 0 32 32
427 0 0 32 32
428 0 0 32 32
429 0 0 32 32
430 0 0 32 32
431 0 0 32 32
432 0 0 32 32
433 0 0 32 32
434 0 0 32 32
435 0 0 32 32
436 0 0 32 32
437 0 0 32 32
438 0 0 32 32
439 0 0 32 32
440 0 0 32 32
441 0 0 32 32
442 0 0 32 32
443 0 0 32 32
444 0 0 32 32
445 0 0 32 32
446 0 0 32 32
447 0 0 32 32
448 0 0 32 32
449 0 0 32 32
450 0 0 32 32
451 0 0 32 32
452 0 0 32 32
453 0 0 32 32
454 0 0 32 32
455 0 0 32 32
456 0 0 32 32
457 0 0 32 32
458 0 0 32 32
459 0 0 32 32
460 0 0 32 32
461 0 0 32 32
462 0 0 32 32
463 0 0 32 32
464 0 0 32 32
465 0 0 32 32
466 0 0 32 32
467 0 0 32 32
468 0 0 32 32
469 0 0 32 32
470 0 0 32 32
471 0 0 32 32
472 0 0 32 32
473 0 0 32 32
474 0 0 32 32
475 0 0 32 32
476 0 0 32 32
477 0 0 32 32
478 0 0 32 32
479 0 0 32 32
480 0 0 32 32
481 0 0 32 32
482 0 0 32 32
483 0 0 32 32
484 0 0 32 32
485 0 0 32 32
486 0 0 32 32
487 0 0 32 32
488 0 0 32 32
489 0 0 32 32
490 0 0 32 32
491 0 0 32 32
492 0 0 32 32
493 0 0 32 32
494 0 0 32 32
495 0 0 32 32
496 0 0 32 32
497 0 0 32 32
498 0 0 32 32
499 0 0 32 32
500 0 0 32 32
501 0 0 32 32
502 0 0 32 32
503 0 0 32 32
504 0 0 32 32
505 0 0 32 32
506 0 0 32 32
507 0 0 32 32
508 0 0 32 32
509 0 0 32 32
510 0 0 32 32
511 0 0 32 32
512 0 0 32 32
513 0 0 32 32
514 0 0 32 32
515 0 0 32 32
516 0 0 32 32
517 0 0 32 32
518 0 0 32 32
519 0 0 32 32
520 0 0 32 32
521 0 0 32 32
522 0 0 32 32
523 0 0 32 32
524 0 0 32 32
525 0 0 32 32
526 0 0 32 32
527 0 0 32 32
528 0 0 32 32
529 0 0 32 32
530 0 0 32 32
531 0 0 32 32
532 0 0 32 32
533 0 0 32 32
534 0 0 32 32
535 0 0 32 32
536 0 0 32 32
537 0 0 32 32
538 0 0 32 32
539 0 0 32 32
540 0 0 32 32
541 0 0 32 32
542 0 0 32 32
543 0 0 32 32
544 0 0 32 32
545 0 0 32 32
546 0 0 32 32
547 0 0 32 32
548 0 0 32 32
549 0 0 32 32
550 0 0 32 32
551 0 0 32 32
552 0 0 32 32
553 0 0 32 32
554 0 0 32 32
555 0 0 32 32
556 0 0 32 32
557 0 0 32 32
558 0 0 32 32
559 0 0 32 32
560 0 0 32 32
561 0 0 32 32
562 0 0 32 32
563 0 0 32 32
564 0 0 32 32
565 0 0 32 32
566 0 0 32 32
567 0 0 32 32
568 0 0 32 32
569 0 0 32 32
570 0 0 32 32
571 0 0 32 32
572 0 0 32 32
573 0 0 32 32
574 0 0 32 32
575 0 0 32 32
576 0 0 32 32
577 0 0 32 32
578 0 0 32 32
579 0 0 32 32
580 0 0 32 32
581 0 0 32 32
582 0 0 32 32
583 0 0 32 32
584 0 0 32 32
585 0 0 32 32
586 0 0 32 32
587 0 0 32 32
588 0 0 32 32
589 0 0 32 32
590 0 0 32 32
591 0 0 32 32
592 0 0 32 32
593 0 0 32 32
594 0 0 32 32
595 0 0 32 32
596 0 0 32 32
597 0 0 32 32
598 0 0 32 32
599 0 0 32 32
600 0 0 32 32
601 0 0 32 32
602 0 0 32 32
603 0 0 32 32
604 0 0 32 32
605 0 0 32 32
606 0 0 32 32
607 0 0 32 32
608 0 0 32 32
609 0 0 32 32
610 0 0 32 32
611 0 0 32 32
612 0 0 32 32
613 0 0 32 32
614 0 0 32 32
615 0 0 32 32
616 0 0 32 32
617 0 0 32 32
618 0 0 32 32
619 0 0 32 32
620 0 0 32 32
621 0 0 32 32
622 0 0 32 32
623 0 0 32 32
624 0 0 32 32
625 0 0 32 32
626 0 0 32 32
627 0 0 32 32
628 0 0 32 32
629 0 0 32 32
630 0 0 32 32
631 0 0 32 32
632 0 0 32 32
633 0 0 32 32
634 0 0 32 32
635 0 0 32 32
636 0 0 32 32
637 0 0 32 32
638 0 0 32 32
639 0 0 32 32
640 0 0 32 32
641 0 0 32 32
642 0 0 32 32
643 0 0 32 32
644 0 0 32 32
645 0 0 32 32
646 0 0 32 32
647 0 0 32 32
648 0 0 32 32
649 0 0 32 32
650 0 0 32 32
651 0 0 32 32
652 0 0 32 32
653 0 0 32 32
654 0 0 32 32
655 0 0 32 32
656 0 0 32 32
657 0 0 32 32
658 0 0 32 32
659 0 0 32 32
660 0 0 32 32
661 0 0 32 32
662 0 0 32 32
663 0 0 32 32
664 0 0 32 32
665 0 0 32 32
666 0 0 32 32
667 0 0 32 32
668 0 0 32 32
669 0 0 32 32
670 0 0 32 32
671 0 0 32 32
672 0 0 32 32
673 0 0 32 32
674 0 0 32 32
675 0 0 32 32
676 0 0 32 32
677 0 0 32 32
678 0 0 32 32
679 0 0 32 32
680 0 0 32 32
681 0 0 32 32
682 0 0 32 32
683 0 0 32 32
684 0 0 32 32
685 0 0 32 32
686 0 0 32 32
687 0 0 32 32
688 0 0 32 32
689 0 0 32 32
690 0 0 32 32
691 0 0 32 32
692 0 0 32 32
693 0 0 32 32
694 0 0 32 32
695 0 0 32 32
696 0 0 32 32
697 0 0 32 32
698 0 0 32 32
699 0 0 32 32
700 0 0 32 32
701 0 0 32 32
702 0 0 32 32
703 0 0 32 32
704 0 0 32 32
705 0 0 32 32
706 0 0 32 32
707 0 0 32 32
708 0 0 32 32
709 0 0 32 32
710 0 0 32 32
711 0 0 32 32
712 0 0 32 32
713 0 0 32 32
714 0 0 32 32
715 0 0 32 32
716 0 0 32 32
717 0 0 32 32
718 0 0 32 32
719 0 0 32 32
720 0 0 32 32
721 0 0 32 32
722 0 0 32 32
723 0 0 32 32
724 0 0 32 32
725 0 0 32 32
726 0 0 32 32
727 0 0 32 32
728 0 0 32 32
729 0 0 32 32
730 0 0 32 32
731 0 0 32 32
732 0 0 32 32
733 0 0 32 32
734 0 0 32 32
735 0 0 32 32
736 0 0 32 32
737 0 0 32 32
738 0 0 32 32
739 0 0 32 32
740 0 0 32 32
741 0 0 32 32
742 0 0 32 32
743 0 0 32 32
744 0 0 32 32
745 0 0 32 32
746 0 0 32 32
747 0 0 32 32
748 0 0 32 32
749 0 0 32 32
750 0 0 32 32
751 0 0 32 32
752 0 0 32 32
753 0 0 32 32
754 0 0 32 32
755 0 0 32 32
756 0 0 32 32
757 0 0 32 32
758 0 0 32 32
759 0 0 32 32
760 0 0 32 32
761 0 0 32 32
762 0 0 32 32
763 0 0 32 32
764 0 0 32 32
765 0 0 32 32
766 0 0 32 32
767 0 0 32 32
768 0 0 32 32
769 0 0 32 32
770 0 0 32 32
771 0 0 32 32
772 0 0 32 32
773 0 0 32 32
774 0 0 32 32
775 0 0 32 32
776 0 0 32 32
777 0 0 32 32
778 0 0 32 32
779 0 0 32 32
780 0 0 32 32
781 0 0 32 32
782 0 0 32 32
783 0 0 32 32
784 0 0 32 32
785 0 0 32 32
786 0 0 32 32
787 0 0 32 32
788 0 0 32 32
789 0 0 32 32
790 0 0 32 32
791 0 0 32 32
792 0 0 32 32
793 0 0 32 32
794 0 0 32 32
795 0 0 32 32
796 0 0 32 32
797 0 0 32 32
798 0 0 32 32
799 0 0 32 32
800 0 0 32 32
801 0 0 32 32
802 0 0 32 32
803 0 0 32 32
804 0 0 32 32
805 0 0 32 32
806 0 0 32 32
807 0 0 32 32
808 0 0 32 32
809 0 0 32 32
810 0 0 32 32
811 0 0 32 32
812 0 0 32 32
813 0 0 32 32
814 0 0 32 32
815 0 0 32 32
816 0 0 32 32
817 0 0 32 32
818 0 0 32 32
819 0 0 32 32
820 0 0 32 32
821 0 0 32 32
822 0 0 32 32
823 0 0 32 32
824 0 0 32 32
825 0 0 32 32
826 0 0 32 32
827 0 0 32 32
828 0 0 32 32
829 0 0 32 32
830 0 0 32 32
831 0 0 32 32
832 0 0 32 32
833 0 0 32 32
834 0 0 32 32
835 0 0 32 32
836 0 0 32 32
837 0 0 32 32
838 0 0 32 32
839 0 0 32 32
840 0 0 32 32
841 0 0 32 32
842 0 0 32 32
843 0 0 32 32
844 0 0 32 32
845 0 0 32 32
846 0 0 32 32
847 0 0 32 32
848 0 0 32 32
849 0 0 32 32
850 0 0 32 32
851 0 0 32 32
852 0 0 32 32
853 0 0 32 32
854 0 0 32 32
855 0 0 32 32
856 0 0 32 32
857 0 0 32 32
858 0 0 32 32
859 0 0 32 32
860 0 0 32 32
861 0 0 32 32
862 0 0 32 32
863 0 0 32 32
864 0 0 32 32
865 0 0 32 32
866 0 0 32 32
867 0 0 32 32
868 0 0 32 32
869 0 0 32 32
870 0 0 32 32
871 0 0 32 32
872 0 0 32 32
873 0 0 32 32
874 0 0 32 32
875 0 0 32 32
876 0 0 32 32
877 0 0 32 32
878 0 0 32 32
879 0 0 32 32
880 0 0 32 32
881 0 0 32 32
882 0 0 32 32
883 0 0 32 32
884 0 0 32 32
885 0 0 32 32
886 0 0 32 32
887 0 0 32 32
888 0 0 32 32
889 0 0 32 32
890 0 0 32 32
891 0 0 32 32
892 0 0 32 32
893 0 0 32 32
894 0 0 32 32
895 0 0 32 32
896 0 0 32 32
897 0 0 32 32
898 0 0 32 32
899 0 0 32 32
900 0 0 32 32
901 0 0 32 32
902 0 0 32 32
903 0 0 32 32
904 0 0 32 32
905 0 0 32 32
906 0 0 32 32
907 0 0 32 32
908 0 0 32 32
909 0 0 32 32
910 0 0 32 32
911 0 0 32 32
912 0 0 32 32
913 0 0 32 32
914 0 0 32 32
915 0 0 32 32
916 0 0 32 32
917 0 0 32 32
918 0 0 32 32
919 0 0 32 32
920 0 0 32 32
921 0 0 32 32
922 0 0 32 32
923 0 0 32 32
924 0 0 32 32
925 0 0 32 32
926 0 0 32 32
927 0 0 32 32
928 0 0 32 32
929 0 0 32 32
930 0 0 32 32
931 0 0 32 32
932 0 0 32 32
933 0 0 32 32
934 0 0 32 32
935 0 0 32 32
936 0 0 32 32
937 0 0 32 32
938 0 0 32 32
939 0 0 32 32
940 0 0 32 32
941 0 0 32 32
942 0 0 32 32
943 0 0 32 32
944 0 0 32 32
945 0 0 32 32
946 0 0 32 32
947 0 0 32 32
948 0 0 32 32
949 0 0 32 32
950 0 0 32 32
951 0 0 32 32
952 0 0 32 32
953 0 0 32 32
954 0 0 32 32
955 0 0 32 32
956 0 0 32 32
957 0 0 32 32
958 0 0 32 32
959 0 0 32 32
960 0 0 32 32
961 0 0 32 32
962 0 0 32 32
963 0 0 32 32
964 0 0 32 32
965 0 0 32 32
966 0 0 32 32
967 0 0 32 32
968 0 0 32 32
969 0 0 32 32
970 0 0 32 32
971 0 0 32 32
972 0 0 32 32
973 0 0 32 32
974 0 0 32 32
975 0 0 32 32
976 0 0 32 32
977 0 0 32 32
978 0 0 32 32
979 0 0 32 32
980 0 0 32 32
981 0 0 32 32
982 0 0 32 32
983 0 0 32 32
984 0 0 32 32
985 0 0 32 32
986 0 0 32 32
987 0 0 32 32
988 0 0 32 32
989 0 0 32 32
990 0 0 32 32
991 0 0 32 32
992 0 0 32 32
993 0 0 32 32
994 0 0 32 32
995 0 0 32 32
996 0 0 32 32
997 0 0 32 32
998 0 0 32 32
999 0 0 32 32
1000 0 0 32 32
1001 0 0 32 32
1002 0 0 32 32
1003 0 0 32 32
1004 0 0 32 32
1005 0 0 32 32
1006 0 0 32 32
1007 0 0 32 32
1008 0 0 32 32
1009 0 0 32 32
1010 0 0 32 32
1011 0 0 32 32
1012 0 0 32 32
1013 0 0 32 32
1014 0 0 32 32
1015 0 0 32 32
1016 0 0 32 32
1017 0 0 32 32
1018 0 0 32 32
1019 0 0 32 32
1020 0 0 32 32
1021 0 0 32 32
1022 0 0 32 32
1023 0 0 32 32
1024 0 0 32 32
1025 0 0 32 32
1026 0 0 32 32
1027 0 0 32 32
1028 0 0 32 32
1029 0 0 32 32
1030 0 0 32 32
1031 0 0 32 32
1032 0 0 32 32
1033 0 0 32 32
1034 0 0 32 32
1035 0 0 32 32
1036 0 0 32 32
1037 0 0 32 32
1038 0 0 32 32
1039 0 0 32 32
1040 0 0 32 32
1041 0 0 32 32
1042 0 0 32 32
1043 0 0 32 32
1044 0 0 32 32
1045 0 0 32 32
1046 0 0 32 32
1047 0 0 32 32
1048 0 0 32 32
1049 0 0 32 32
1050 0 0 32 32
1051 0 0 32 32
1052 0 0 32 32
1053 0 0 32 32
1054 0 0 32 32
1055 0 0 32 32
1056 0 0 32 32
1057 0 0 32 32
1058 0 0 32 32
1059 0 0 32 32
1060 0 0 32 32
1061 0 0 32 32
1062 0 0 32 32
1063 0 0 32 32
1064 0 0 32 32
1065 0 0 32 32
1066 0 0 32 32
1067 0 0 32 32
1068 0 0 32 32
1069 0 0 32 32
1070 0 0 32 32
1071 0 0 32 32
1072 0 0 32 32
1073 0 0 32 32
1074 0 0 32 32
1075 0 0 32 32
1076 0 0 32 32
1077 0 0 32 32
1078 0 0 32 32
1079 0 0 32 32
1080 0 0 32 32
1081 0 0 32 32
1082 0 0 32 32
1083 0 0 32 32
1084 0 0 32 32
1085 0 0 32 32
1086 0 0 32 32
1087 0 0 32 32
1088 0 0 32 32
1089 0 0 32 32
1090 0 0 32 32
1091 0 0 32 32
1092 0 0 32 32
1093 0 0 32 32
1094 0 0 32 32
1095 0 0 32 32
1096 0 0 32 32
1097 0 0 32 32
1098 0 0 32 32
1099 0 0 32 32
1100 0 0 32 32
1101 0 0 32 32
1102 0 0 32 32
1103 0 0 32 32
1104 0 0 32 32
1105 0 0 32 32
1106 0 0 32 32
1107 0 0 32 32
1108 0 0 32 32
1109 0 0 32 32
1110 0 0 32 32
1111 0 0 32 32
1112 0 0 32 32
1113 0 0 32 32
1114 0 0 32 32
1115 0 0 32 32
1116 0 0 32 32
1117 0 0 32 32
1118 0 0 32 32
1119 0 0 32 32
1120 0 0 32 32
1121 0 0 32 32
1122 0 0 32 32
1123 0 0 32 32
1124 0 0 32 32
1125 0 0 32 32
1126 0 0 32 32
1127 0 0 32 32
1128 0 0 32 32
1129 0 0 32 32
1130 0 0 32 32
1131 0 0 32 32
1132 0 0 32 32
1133 0 0 32 32
1134 0 0 32 32
1135 0 0 32 32
1136 0 0 32 32
1137 0 0 32 32
1138 0 0 32 32
1139 0 0 32 32
1140 0 0 32 32
1141 0 0 32 32
1142 0 0 32 32
1143 0 0 32 32
1144 0 0 32 32
1145 0 0 32 32
1146 0 0 32 32
1147 0 0 32 32
1148 0 0 32 32
1149 0 0 32 32
1150 0 0 32 32
1151 0 0 32 32
1152 0 0 32 32
1153 0 0 32 32
1154 0 0 32 32
1155 0 0 32 32
1156 0 0 32 32
1157 0 0 32 32
1158 0 0 32 32
1159 0 0 32 32
1160 0 0 32 32
1161 0 0 32 32
1162 0 0 32 32
1163 0 0 32 32
1164 0 0 32 32
1165 0 0 32 32
1166 0 0 32 32
1167 0 0 32 32
1168 0 0 32 32
1169 0 0 32 32
1170 0 0 32 32
1171 0 0 32 32
1172 0 0 32 32
1173 0 0 32 32
1174 0 0 32 32
1175 0 0 32 32
1176 0 0 32 32
1177 0 0 32 32
1178 0 0 32 32
1179 0 0 32 32
1180 0 0 32 32
1181 0 0 32 32
1182 0 0 32 32
1183 0 0 32 32
1184 0 0 32 32
1185 0 0 32 32
1186 0 0 32 32
1187 0 0 32 32
1188 0 0 32 32
1189 0 0 32 32
1190 0 0 32 32
1191 0 0 32 32
1192 0 0 32 32
1193 0 0 32 32
1194 0 0 32 32
1195 0 0 32 32
1196 0 0 32 32
1197 0 0 32 32
1198 0 0 32 32
1199 0 0 32 32
1200 0 0 32 32
1201 0 0 32 32
1202 0 0 32 32
1203 0 0 32 32
1204 0 0 32 32
1205 0 0 32 32
1206 0 0 32 32
1207 0 0 32 32
1208 0 0 32 32
1209 0 0 32 32
1210 0 0 32 32
1211 0 0 32 32
1212 0 0 32 32
1213 0 0 32 32
1214 0 0 32 32
1215 0 0 32 32
1216 0 0 32 32
1217 0 0 32 32
1218 0 0 32 32
1219 0 0 32 32
1220 0 0 32 32
1221 0 0 32 32
1222 0 0 32 32
1223 0 0 32 32
1224 0 0 32 32
1225 0 0 32 32
1226 0 0 32 32
1227 0 0 32 32
1228 0 0 32 32
1229 0 0 32 32
1230 0 0 32 32
1231 0 0 32 32
1232 0 0 32 32
1233 0 0 32 32
1234 0 0 32 32
1235 0 0 32 32
1236 0 0 32 32
1237 0 0 32 32
1238 0 0 32 32
1239 0 0 32 32
1240 0 0 32 32
1241 0 0 32 32
1242 0 0 32 32
1243 0 0 32 32
1244 0 0 32 32
1245 0 0 32 32
1246 0 0 32 32
1247 0 0 32 32
1248 0 0 32 32
1249 0 0 32 32
1250 0 0 32 32
1251 0 0 32 32
1252 0 0 32 32
1253 0 0 32 32
1254 0 0 32 32
1255 0 0 32 32
1256 0 0 32 32
1257 0 0 32 32
1258 0 0 32 32
1259 0 0 32 32
1260 0 0 32 32
1261 0 0 32 32
1262 0 0 32 32
1263 0 0 32 32
1264 0 0 32 32
1265 0 0 32 32
1266 0 0 32 32
1267 0 0 32 32
1268 0 0 32 32
1269 0 0 32 32
1270 0 0 32 32
1271 0 0 32 32
1272 0 0 32 32
1273 0 0 32 32
1274 0 0 32 32
1275 0 0 32 32
1276 0 0 32 32
1277 0 0 32 32
1278 0 0 32 32
1279 0 0 32 32
1280 0 0 32 32
1281 0 0 32 32
1282 0 0 32 32
1283 0 0 32 32
1284 0 0 32 32
1285 0 0 32 32
1286 0 0 32 32
1287 0 0 32 32
1288 0 0 32 32
1289 0 0 32 32
1290 0 0 32 32
1291 0 0 32 32
1292 0 0 32 32
1293 0 0 32 32
1294 0 0 32 32
1295 0 0 32 32
1296 0 0 32 32
1297 0 0 32 32
1298 0 0 32 32
1299 0 0 32 32
1300 0 0 32 32
1301 0 0 32 32
1302 0 0 32 32
1303 0 0 32 32
1304 0 0 32 32
1305 0 0 32 32
1306 0 0 32 32
1307 0 0 32 32
1308 0 0 32 32
1309 0 0 32 32
1310 0 0 32 32
1311 0 0 32 32
1312 0 0 32 32
1313 0 0 32 32
1314 0 0 32 32
1315 0 0 32 32
1316 0 0 32 32
1317 0 0 32 32
1318 0 0 32 32
1319 0 0 32 32
1320 0 0 32 32
1321 0 0 32 32
1322 0 0 32 32
1323 0 0 32 32
1324 0 0 32 32
1325 0 0 32 32
1326 0 0 32 32
1327 0 0 32 32
1328 0 0 32 32
1329 0 0 32 32
1330 0 0 32 32
1331 0 0 32 32
1332 0 0 32 32
1333 0 0 32 32
1334 0 0 32 32
1335 0 0 32 32
1336 0 0 32 32
1337 0 0 32 32
1338 0 0 32 32
1339 0 0 32 32
1340 0 0 32 32
1341 0 0 32 32
1342 0 0 32 32
1343 0 0 32 32
1344 0 0 32 32
1345 0 0 32 32
1346 0 0 32 32
1347 0 0 32 32
1348 0 0 32 32
1349 0 0 32 32
1350 0 0 32 32
1351 0 0 32 32
1352 0 0 32 32
1353 0 0 32 32
1354 0 0 32 32
1355 0 0 32 32
1356 0 0 32 32
1357 0 0 32 32
1358 0 0 32 32
1359 0 0 32 32
1360 0 0 32 32
1361 0 0 32 32
1362 0 0 32 32
1363 0 0 32 32
1364 0 0 32 32
1365 0 0 32 32
1366 0 0 32 32
1367 0 0 32 32
1368 0 0 32 32
1369 0 0 32 32
1370 0 0 32 32
1371 0 0 32 32
1372 0 0 32 32
1373 0 0 32 32
1374 0 0 32 32
1375 0 0 32 32
1376 0 0 32 32
1377 0 0 32 32
1378 0 0 32 32
1379 0 0 32 32
1380 0 0 32 32
1381 0 0 32 32
1382 0 0 32 32
1383 0 0 32 32
1384 0 0 32 32
1385 0 0 32 32
1386 0 0 32 32
1387 0 0 32 32
1388 0 0 32 32
1389 0 0 32 32
1390 0 0 32 32
1391 0 0 32 32
1392 0 0 32 32
1393 0 0 32 32
1394 0 0 32 32
1395 0 0 32 32
1396 0 0 32 32
1397 0 0 32 32
1398 0 0 32 32
1399 0 0 32 32
1400 0 0 32 32
1401 0 0 32 32
1402 0 0 32 32
1403 0 0 32 32
1404 0 0 32 32
1405 0 0 32 32
1406 0 0 32 32
1407 0 0 32 32
1408 0 0 32 32
1409 0 0 32 32
1410 0 0 32 32
1411 0 0 32 32
1412 0 0 32 32
1413 0 0 32 32
1414 0 0 32 32
1415 0 0 32 32
1416 0 0 32 32
1417 0 0 32 32
1418 0 0 32 32
1419 0 0 32 32
1420 0 0 32 32
1421 0 0 32 32
1422 0 0 32 32
1423 0 0 32 32
1424 0 0 32 32
1425 0 0 32 32
1426 0 0 32 32
1427 0 0 32 32
1428 0 0 32 32
1429 0 0 32 32
1430 0 0 32 32
1431 0 0 32 32
1432 0 0 32 32
1433 0 0 32 32
1434 0 0 32 32
1435 0 0 32 32
1436 0 0 32 32
1437 0 0 32 32
1438 0 0 32 32
1439 0 0 32 32
1440 0 0 32 32
1441 0 0 32 32
1442 0 0 32 32
1443 0 0 32 32
1444 0 0 32 32
1445 0 0 32 32
1446 0 0 32 32
1447 0 0 32 32
1448 0 0 32 32
1449 0 0 32 32
1450 0 0 32 32
1451 0 0 32 32
1452 0 0 32 32
1453 0 0 32 32
1454 0 0 32 32
1455 0 0 32 32
1456 0 0 32 32
1457 0 0 32 32
1458 0 0 32 32
1459 0 0 32 32
1460 0 0 32 32
1461 0 0 32 32
1462 0 0 32 32
1463 0 0 32 32
1464 0 0 32 32
1465 0 0 32 32
1466 0 0 32 32
1467 0 0 32 32
1468 0 0 32 32
1469 0 0 32 32
1470 0 0 32 32
1471 0 0 32 32
1472 0 0 32 32
1473 0 0 32 32
1474 0 0 32 32
1475 0 0 32 32
1476 0 0 32 32
1477 0 0 32 32
1478 0 0 32 32
1479 0 0 32 32
1480 0 0 32 32
1481 0 0 32 32
1482 0 0 32 32
1483 0 0 32 32
1484 0 0 32 32
1485 0 0 32 32
1486 0 0 32 32
1487 0 0 32 32
1488 0 0 32 32
1489 0 0 32 32
1490 0 0 32 32
1491 0 0 32 32
1492 0 0 32 32
1493 0 0 32 32
1494 0 0 32 32
1495 0 0 32 32
1496 0 0 32 32
1497 0 0 32 32
1498 0 0 32 32
1499 0 0 32 32
1500 0 0 32 32
1501 0 0 32 32
1502 0 0 32 32
1503 0 0 32 32
1504 0 0 32 32
1505 0 0 32 32
1506 0 0 32 32
1507 0 0 32 32
1508 0 0 32 32
1509 0 0 32 32
1510 0 0 32 32
1511 0 0 32 32
1512 0 0 32 32
1513 0 0 32 32
1514 0 0 32 32
1515 0 0 32 32
1516 0 0 32 32
1517 0 0 32 32
1518 0 0 32 32
1519 0 0 32 32
1520 0 0 32 32
1521 0 0 32 32
1522 0 0 32 32
1523 0 0 32 32
1524 0 0 32 32
1525 0 0 32 32
1526 0 0 32 32
1527 0 0 32 32
1528 0 0 32 32
1529 0 0 32 32
1530 0 0 32 32
1531 0 0 32 32
1532 0 0 32 32
1533 0 0 32 32
1534 0 0 32 32
1535 0 0 32 32
1536 0 0 32 32
1537 0 0 32 32
1538 0 0 32 32
1539 0 0 32 32
1540 0 0 32 32
1541 0 0 32 32
1542 0 0 32 32
1543 0 0 32 32
1544 0 0 32 32
1545 0 0 32 32
1546 0 0 32 32
1547 0 0 32 32
1548 0 0 32 32
1549 0 0 32 32
1550 0 0 32 32
1551 0 0 32 32
1552 0 0 32 32
1553 0 0 32 32
1554 0 0 32 32
1555 0 0 32 32
1556 0 0 32 32
1557 0 0 32 32
1558 0 0 32 32
1559 0 0 32 32
1560 0 0 32 32
1561 0 0 32 32
1562 0 0 32 32
1563 0 0 32 32
1564 0 0 32 32
1565 0 0 32 32
1566 0 0 32 32
1567 0 0 32 32
1568 0 0 32 32
1569 0 0 32 32
1570 0 0 32 32
1571 0 0 32 32
1572 0 0 32 32
1573 0 0 32 32
1574 0 0 32 32
1575 0 0 32 32
1576 0 0 32 32
1577 0 0 32 32
1578 0 0 32 32
1579 0 0 32 32
1580 0 0 32 32
1581 0 0 32 32
1582 0 0 32 32
1583 0 0 32 32
1584 0 0 32 32
1585 0 0 32 32
1586 0 0 32 32
1587 0 0 32 32
1588 0 0 32 32
1589 0 0 32 32
1590 0 0 32 32
1591 0 0 32 32
1592 0 0 32 32
1593 0 0 32 32
1594 0 0 32 32
1595 0 0 32 32
1596 0 0 32 32
1597 0 0 32 32
1598 0 0 32 32
1599 0 0 32 32
1600 0 0 32 32
1601 0 0 32 32
1602 0 0 32 32
1603 0 0 32 32
1604 0 0 32 32
1605 0 0 32 32
1606 0 0 32 32
1607 0 0 32 32
1608 0 0 32 32
1609 0 0 32 32
1610 0 0 32 32
1611 0 0 32 32
1612 0 0 32 32
1613 0 0 32 32
1614 0 0 32 32
1615 0 0 32 32
1616 0 0 32 32
1617 0 0 32 32
1618 0 0 32 32
1619 0 0 32 32
1620 0 0 32 32
1621 0 0 32 32
1622 0 0 32 32
1623 0 0 32 32
1624 0 0 32 32
1625 0 0 32 32
1626 0 0 32 32
1627 0 0 32 32
1628 0 0 32 32
1629 0 0 32 32
1630 0 0 32 32
1631 0 0 32 32
1632 0 0 32 32
1633 0 0 32 32
1634 0 0 32 32
1635 0 0 32 32
1636 0 0 32 32
1637 0 0 32 32
1638 0 0 32 32
1639 0 0 32 32
1640 0 0 32 32
1641 0 0 32 32
1642 0 0 32 32
1643 0 0 32 32
1644 0 0 32 32
1645 0 0 32 32
1646 0 0 32 32
1647 0 0 32 32
1648 0 0 32 32
1649 0 0 32 32
1650 0 0 32 32
1651 0 0 32 32
1652 0 0 32 32
1653 0 0 32 32
1654 0 0 32 32
1655 0 0 32 32
1656 0 0 32 32
1657 0 0 32 32
1658 0 0 32 32
1659 0 0 32 32
1660 0 0 32 32
1661 0 0 32 32
1662 0 0 32 32
1663 0 0 32 32
1664 0 0 32 32
1665 0 0 32 32
1666 0 0 32 32
1667 0 0 32 32
1668 0 0 32 32
1669 0 0 32 32
1670 0 0 32 32
1671 0 0 32 32
1672 0 0 32 32
1673 0 0 32 32
1674 0 0 32 32
1675 0 0 32 32
1676 0 0 32 32
1677 0 0 32 32
1678 0 0 32 32
1679 0 0 32 32
1680 0 0 32 32
1681 0 0 32 32
1682 0 0 32 32
1683 0 0 32 32
1684 0 0 32 32
1685 0 0 32 32
1686 0 0 32 32
1687 0 0 32 32
1688 0 0 32 32
1689 0 0 32 32
1690 0 0 32 32
1691 0 0 32 32
1692 0 0 32 32
1693 0 0 32 32
1694 0 0 32 32
1695 0 0 32 32
1696 0 0 32 32
1697 0 0 32 32
1698 0 0 32 32
1699 0 0 32 32
1700 0 0 32 32
1701 0 0 32 32
1702 0 0 32 32
1703 0 0 32 32
1704 0 0 32 32
1705 0 0 32 32
1706 0 0 32 32
1707 0 0 32 32
1708 0 0 32 32
1709 0 0 32 32
1710 0 0 32 32
1711 0 0 32 32
1712 0 0 32 32
1713 0 0 32 32
1714 0 0 32 32
1715 0 0 32 32
1716 0 0 32 32
1717 0 0 32 32
1718 0 0 32 32
1719 0 0 32 32
1720 0 0 32 32
1721 0 0 32 32
1722 0 0 32 32
1723 0 0 32 32
1724 0 0 32 32
1725 0 0 32 32
1726 0 0 32 32
1727 0 0 32 32
1728 0 0 32 32
1729 0 0 32 32
1730 0 0 32 32
1731 0 0 32 32
1732 0 0 32 32
1733 0 0 32 32
1734 0 0 32 32
1735 0 0 32 32
1736 0 0 32 32
1737 0 0 32 32
1738 0 0 32 32
1739 0 0 32 32
1740 0 0 32 32
1741 0 0 32 32
1742 0 0 32 32
1743 0 0 32 32
1744 0 0 32 32
1745 0 0 32 32
1746 0 0 32 32
1747 0 0 32 32
1748 0 0 32 32
1749 0 0 32 32
1750 0 0 32 32
1751 0 0 32 32
1752 0 0 32 32
1753 0 0 32 32
1754 0 0 32 32
1755 0 0 32 32
1756 0 0 32 32
1757 0 0 32 32
1758 0 0 32 32
1759 0 0 32 32
1760 0 0 32 32
1761 0 0 32 32
1762 0 0 32 32
1763 0 0 32 32
1764 0 0 32 32
1765 0 0 32 32
1766 0 0 32 32
1767 0 0 32 32
1768 0 0 32 32
1769 0 0 32 32
1770 0 0 32 32
1771 0 0 32 32
1772 0 0 32 32
1773 0 0 32 32
1774 0 0 32 32
1775 0 0 32 32
1776 0 0 32 32
1777 0 0 32 32
1778 0 0 32 32
1779 0 0 32 32
1780 0 0 32 32
1781 0 0 32 32
1782 0 0 32 32
1783 0 0 32 32
1784 0 0 32 32
1785 0 0 32 32
1786 0 0 32 32
1787 0 0 32 32
1788 0 0 32 32
1789 0 0 32 32
1790 0 0 32 32
1791 0 0 32 32
1792 0 0 32 32
1793 0 0 32 32
1794 0 0 32 32
1795 0 0 32 32
1796 0 0 32 32
1797 0 0 32 32
1798 0 0 32 32
1799 0 0 32 32
1800 0 0 32 32
1801 0 0 32 32
1802 0 0 32 32
1803 0 0 32 32
1804 0 0 32 32
1805 0 0 32 32
1806 0 0 32 32
1807 0 0 32 32
1808 0 0 32 32
1809 0 0 32 32
1810 0 0 32 32
1811 0 0 32 32
1812 0 0 32 32
1813 0 0 32 32
1814 0 0 32 32
1815 0 0 32 32
1816 0 0 32 32
1817 0 0 32 32
1818 0 0 32 32
1819 0 0 32 32
1820 0 0 32 32
1821 0 0 32 32
1822 0 0 32 32
1823 0 0 32 32
1824 0 0 32 32
1825 0 0 32 32
1826 0 0 32 32
1827 0 0 32 32
1828 0 0 32 32
1829 0 0 32 32
1830 0 0 32 32
1831 0 0 32 32
1832 0 0 32 32
1833 0 0 32 32
1834 0 0 32 32
1835 0 0 32 32
1836 0 0 32 32
1837 0 0 32 32
1838 0 0 32 32
1839 0 0 32 32
1840 0 0 32 32
1841 0 0 32 32
1842 0 0 32 32
1843 0 0 32 32
1844 0 0 32 32
1845 0 0 32 32
1846 0 0 32 32
1847 0 0 32 32
1848 0 0 32 32
1849 0 0 32 32
1850 0 0 32 32
1851 0 0 32 32
1852 0 0 32 32
1853 0 0 32 32
1854 0 0 32 32
1855 0 0 32 32
1856 0 0 32 32
1857 0 0 32 32
1858 0 0 32 32
1859 0 0 32 32
1860 0 0 32 32
1861 0 0 32 32
1862 0 0 32 32
1863 0 0 32 32
1864 0 0 32 32
1865 0 0 32 32
1866 0 0 32 32
1867 0 0 32 32
1868 0 0 32 32
1869 0 0 32 32
1870 0 0 32 32
1871 0 0 32 32
1872 0 0 32 32
1873 0 0 32 32
1874 0 0 32 32
1875 0 0 32 32
1876 0 0 32 32
1877 0 0 32 32
1878 0 0 32 32
1879 0 0 32 32
1880 0 0 32 32
1881 0 0 32 32
1882 0 0 32 32
1883 0 0 32 32
1884 0 0 32 32
1885 0 0 32 32
1886 0 0 32 32
1887 0 0 32 32
1888 0 0 32 32
1889 0 0 32 32
1890 0 0 32 32
1891 0 0 32 32
1892 0 0 32 32
1893 0 0 32 32
1894 0 0 32 32
1895 0 0 32 32
1896 0 0 32 32
1897 0 0 32 32
1898 0 0 32 32
1899 0 0 32 32
1900 0 0 32 32
1901 0 0 32 32
1902 0 0 32 32
1903 0 0 32 32
1904 0 0 32 32
1905 0 0 32 32
1906 0 0 32 32
1907 0 0 32 32
1908 0 0 32 32
1909 0 0 32 32
1910 0 0 32 32
1911 0 0 32 32
1912 0 0 32 32
1913 0 0 32 32
1914 0 0 32 32
1915 0 0 32 32
1916 0 0 32 32
1917 0 0 32 32
1918 0 0 32 32
1919 0 0 32 32
1920 0 0 32 32
1921 0 0 32 32
1922 0 0 32 32
1923 0 0 32 32
1924 0 0 32 32
1925 0 0 32 32
1926 0 0 32 32
1927 0 0 32 32
1928 0 0 32 32
1929 0 0 32 32
1930 0 0 32 32
1931 0 0 32 32
1932 0 0 32 32
1933 0 0 32 32
1934 0 0 32 32
1935 0 0 32 32
1936 0 0 32 32
1937 0 0 32 32
1938 0 0 32 32
1939 0 0 32 32
1940 0 0 32 32
1941 0 0 32 32
1942 0 0 32 32
1943 0 0 32 32
1944 0 0 32 32
1945 0 0 32 32
1946 0 0 32 32
1947 0 0 32 32
1948 0 0 32 32
1949 0 0 32 32
1950 0 0 32 32
1951 0 0 32 32
1952 0 0 32 32
1953 0 0 32 32
1954 0 0 32 32
1955 0 0 32 32
1956 0 0 32 32
1957 0 0 32 32
1958 0 0 32 32
1959 0 0 32 32
1960 0 0 32 32
1961 0 0 32 32
1962 0 0 32 32
1963 0 0 32 32
1964 0 0 32 32
1965 0 0 32 32
1966 0 0 32 32
1967 0 0 32 32
1968 0 0 32 32
1969 0 0 32 32
1970 0 0 32 32
1971 0 0 32 32
1972 0 0 32 32
1973 0 0 32 32
1974 0 0 32 32
1975 0 0 32 32
1976 0 0 32 32
1977 0 0 32 32
1978 0 0 32 32
1979 0 0 32 32
1980 0 0 32 32
1981 0 0 32 32
1982 0 0 32 32
1983 0 0 32 32
1984 0 0 32 32
1985 0 0 32 32
1986 0 0 32 32
1987 0 0 32 32
1988 0 0 32 32
1989 0 0 32 32
1990 0 0 32 32
1991 0 0 32 32
1992 0 0 32 32
1993 0 0 32 32
1994 0 0 32 32
1995 0 0 32 32
1996 0 0 32 32
1997 0 0 32 32
1998 0 0 32 32
1999 0 0 32 32
2000 0 0 32 32
2001 0 0 32 32
2002 0 0 32 32
2003 0 0 32 32
2004 0 0 32 32
2005 0 0 32 32
2006 0 0 32 32
2007 0 0 32 32
2008 0 0 32 32
2009 0 0 32 32
2010 0 0 32 32
2011 0 0 32 32
2012 0 0 32 32
2013 0 0 32 32
2014 0 0 32 32
2015 0 0 32 32
2016 0 0 32 32
2017 0 0 32 32
2018 0 0 32 32
2019 0 0 32 32
2020 0 0 32 32
2021 0 0 32 32
2022 0 0 32 32
2023 0 0 32 32
2024 0 0 32 32
2025 0 0 32 32
2026 0 0 32 32
2027 0 0 32 32
2028 0 0 32 32
2029 0 0 32 32
2030 0 0 32 32
2031 0 0 32 32
2032 0 0 32 32
2033 0 0 32 32
2034 0 0 32 32
2035 0 0 32 32
2036 0 0 32 32
2037 0 0 32 32
2038 0 0 32 32
2039 0 0 32 32
2040 0 0 32 32
2041 0 0 32 32
2042 0 0 32 32
2043 0 0 32 32
2044 0 0 32 32
2045 0 0 32 32
2046 0 0 32 32
2047 0 0 32 32
2048 0 0 32 32
2049 0 0 32 32
2050 0 0 32 32
2051 0 0 32 32
2052 0 0 32 32
2053 0 0 32 32
2054 0 0 32 32
2055 0 0 32 32
2056 0 0 32 32
2057 0 0 32 32
2058 0 0 32 32
2059 0 0 32 32
2060 0 0 32 32
2061 0 0 32 32
2062 0 0 32 32
2063 0 0 32 32
2064 0 0 32 32
2065 0 0 32 32
2066 0 0 32 32
2067 0 0 32 32
2068 0 0 32 32
2069 0 0 32 32
2070 0 0 32 32
2071 0 0 32 32
2072 0 0 32 32
2073 0 0 32 32
2074 0 0 32 32
2075 0 0 32 32
2076 0 0 32 32
2077 0 0 32 32
2078 0 0 32 32
2079 0 0 32 32
2080 0 0 32 32
2081 0 0 32 32
2082 0 0 32 32
2083 0 0 32 32
2084 0 0 32 32
2085 0 0 32 32
2086 0 0 32 32
2087 0 0 32 32
2088 0 0 32 32
2089 0 0 32 32
2090 0 0 32 32
2091 0 0 32 32
2092 0 0 32 32
2093 0 0 32 32
2094 0 0 32 32
2095 0 0 32 32
2096 0 0 32 32
2097 0 0 32 32
2098 0 0 32 32
2099 0 0 32 32
2100 0 0 32 32
2101 0 0 32 32
2102 0 0 32 32
2103 0 0 32 32
2104 0 0 32 32
2105 0 0 32 32
2106 0 0 32 32
2107 0 0 32 32
2108 0 0 32 32
2109 0 0 32 32
2110 0 0 32 32
2111 0 0 32 32
2112 0 0 32 32
2113 0 0 32 32
2114 0 0 32 32
2115 0 0 32 32
2116 0 0 32 32
2117 0 0 32 32
2118 0 0 32 32
2119 0 0 32 32
2120 0 0 32 32
2121 0 0 32 32
2122 0 0 32 32
2123 0 0 32 32
2124 0 0 32 32
2125 0 0 32 32
2126 0 0 32 32
2127 0 0 32 32
2128 0 0 32 32
2129 0 0 32 32
2130 0 0 32 32
2131 0 0 32 32
2132 0 0 32 32
2133 0 0 32 32
2134 0 0 32 32
2135 0 0 32 32
2136 0 0 32 32
2137 0 0 32 32
2138 0 0 32 32
2139 0 0 32 32
2140 0 0 32 32
2141 0 0 32 32
2142 0 0 32 32
2143 0 0 32 32
2144 0 0 32 32
2145 0 0 32 32
2146 0 0 32 32
2147 0 0 32 32
2148 0 0 32 32
2149 0 0 32 32
2150 0 0 32 32
2151 0 0 32 32
2152 0 0 32 32
2153 0 0 32 32
2154 0 0 32 32
2155 0 0 32 32
2156 0 0 32 32
2157 0 0 32 32
2158 0 0 32 32
2159 0 0 32 32
2160 0 0 32 32
2161 0 0 32 32
2162 0 0 32 32
2163 0 0 32 32
2164 0 0 32 32
2165 0 0 32 32
2166 0 0 32 32
2167 0 0 32 32
2168 0 0 32 32
2169 0 0 32 32
2170 0 0 32 32
2171 0 0 32 32
2172 0 0 32 32
2173 0 0 32 32
2174 0 0 32 32
2175 0 0 32 32
2176 0 0 32 32
2177 0 0 32 32
2178 0 0 32 32
2179 0 0 32 32
2180 0 0 32 32
2181 0 0 32 32
2182 0 0 32 32
2183 0 0 32 32
2184 0 0 32 32
2185 0 0 32 32
2186 0 0 32 32
2187 0 0 32 32
2188 0 0 32 32
2189 0 0 32 32
2190 0 0 32 32
2191 0 0 32 32
2192 0 0 32 32
2193 0 0 32 32
2194 0 0 32 32
2195 0 0 32 32
2196 0 0 32 32
2197 0 0 32 32
2198 0 0 32 32
2199 0 0 32 32
2200 0 0 32 32
2201 0 0 32 32
2202 0 0 32 32
2203 0 0 32 32
2204 0 0 32 32
2205 0 0 32 32
2206 0 0 32 32
2207 0 0 32 32
2208 0 0 32 32
2209 0 0 32 32
2210 0 0 32 32
2211 0 0 32 32
2212 0 0 32 32
2213 0 0 32 32
2214 0 0 32 32
2215 0 0 32 32
2216 0 0 32 32
2217 0 0 32 32
2218 0 0 32 32
2219 0 0 32 32
2220 0 0 32 32
2221 0 0 32 32
2222 0 0 32 32
2223 0 0 32 32
2224 0 0 32 32
2225 0 0 32 32
2226 0 0 32 32
2227 0 0 32 32
2228 0 0 32 32
2229 0 0 32 32
2230 0 0 32 32
2231 0 0 32 32
2232 0 0 32 32
2233 0 0 32 32
2234 0 0 32 32
2235 0 0 32 32
2236 0 0 32 32
2237 0 0 32 32
2238 0 0 32 32
2239 0 0 32 32
2240 0 0 32 32
2241 0 0 32 32
2242 0 0 32 32
2243 0 0 32 32
2244 0 0 32 32
2245 0 0 32 32
2246 0 0 32 32
2247 0 0 32 32
2248 0 0 32 32
2249 0 0 32 32
2250 0 0 32 32
2251 0 0 32 32
2252 0 0 32 32
2253 0 0 32 32
2254 0 0 32 32
2255 0 0 32 32
2256 0 0 32 32
2257 0 0 32 32
2258 0 0 32 32
2259 0 0 32 32
2260 0 0 32 32
2261 0 0 32 32
2262 0 0 32 32
2263 0 0 32 32
2264 0 0 32 32
2265 0 0 32 32
2266 0 0 32 32
2267 0 0 32 32
2268 0 0 32 32
2269 0 0 32 32
2270 0 0 32 32
2271 0 0 32 32
2272 0 0 32 32
2273 0 0 32 32
2274 0 0 32 32
2275 0 0 32 32
2276 0 0 32 32
2277 0 0 32 32
2278 0 0 32 32
2279 0 0 32 32
2280 0 0 32 32
2281 0 0 32 32
2282 0 0 32 32
2283 0 0 32 32
2284 0 0 32 32
2285 0 0 32 32
2286 0 0 32 32
2287 0 0 32 32
2288 0 0 32 32
2289 0 0 32 32
2290 0 0 32 32
2291 0 0 32 32
2292 0 0 32 32
2293 0 0 32 32
2294 0 0 32 32
2295 0 0 32 32
2296 0 0 32 32
2297 0 0 32 32
2298 0 0 32 32
2299 0 0 32 32
2300 0 0 32 32
2301 0 0 32 32
2302 0 0 32 32
2303 0 0 32 32
2304 0 0 32 32
2305 0 0 32 32
2306 0 0 32 32
2307 0 0 32 32
2308 0 0 32 32
2309 0 0 32 32
2310 0 0 32 32
2311 0 0 32 32
2312 0 0 32 32
2313 0 0 32 32
2314 0 0 32 32
2315 0 0 32 32
2316 0 0 32 32
2317 0 0 32 32
2318 0 0 32 32
2319 0 0 32 32
2320 0 0 32 32
2321 0 0 32 32
2322 0 0 32 32
2323 0 0 32 32
2324 0 0 32 32
2325 0 0 32 32
2326 0 0 32 32
2327 0 0 32 32
2328 0 0 32 32
2329 0 0 32 32
2330 0 0 32 32
2331 0 0 32 32
2332 0 0 32 32
2333 0 0 32 32
2334 0 0 32 32
2335 0 0 32 32
2336 0 0 32 32
2337 0 0 32 32
2338 0 0 32 32
2339 0 0 32 32
2340 0 0 32 32
2341 0 0 32 32
2342 0 0 32 32
2343 0 0 32 32
2344 0 0 32 32
2345 0 0 32 32
2346 0 0 32 32
2347 0 0 32 32
2348 0 0 32 32
2349 0 0 32 32
2350 0 0 32 32
2351 0 0 32 32
2352 0 0 32 32
2353 0 0 32 32
2354 0 0 32 32
2355 0 0 32 32
2356 0 0 32 32
2357 0 0 32 32
2358 0 0 32 32
2359 0 0 32 32
2360 0 0 32 32
2361 0 0 32 32
2362 0 0 32 32
2363 0 0 32 32
2364 0 0 32 32
2365 0 0 32 32
2366 0 0 32 32
2367 0 0 32 32
2368 0 0 32 32
2369 0 0 32 32
2370 0 0 32 32
2371 0 0 32 32
2372 0 0 32 32
2373 0 0 32 32
2374 0 0 32 32
2375 0 0 32 32
2376 0 0 32 32
2377 0 0 32 32
2378 0 0 32 32
2379 0 0 32 32
2380 0 0 32 32
2381 0 0 32 32
2382 0 0 32 32
2383 0 0 32 32
2384 0 0 32 32
2385 0 0 32 32
2386 0 0 32 32
2387 0 0 32 32
2388 0 0 32 32
2389 0 0 32 32
2390 0 0 32 32
2391 0 0 32 32
2392 0 0 32 32
2393 0 0 32 32
2394 0 0 32 32
2395 0 0 32 32
2396 0 0 32 32
2397 0 0 32 32
2398 0 0 32 32
2399 0 0 32 32
2400 0 0 32 32
2401 0 0 32 32
2402 0 0 32 32
2403 0 0 32 32
2404 0 0 32 32
2405 0 0 32 32
2406 0 0 32 32
2407 0 0 32 32
2408 0 0 32 32
2409 0 0 32 32
2410 0 0 32 32
2411 0 0 32 32
2412 0 0 32 32
2413 0 0 32 32
2414 0 0 32 32
2415 0 0 32 32
2416 0 0 32 32
2417 0 0 32 32
2418 0 0 32 32
2419 0 0 32 32
2420 0 0 32 32
2421 0 0 32 32
2422 0 0 32 32
2423 0 0 32 32
2424 0 0 32 32
2425 0 0 32 32
2426 0 0 32 32
2427 0 0 32 32
2428 0 0 32 32
2429 0 0 32 32
2430 0 0 32 32
2431 0 0 32 32
2432 0 0 32 32
2433 0 0 32 32
2434 0 0 32 32
2435 0 0 32 32
2436 0 0 32 32
2437 0 0 32 32
2438 0 0 32 32
2439 0 0 32 32
2440 0 0 32 32
2441 0 0 32 32
2442 0 0 32 32
2443 0 0 32 32
2444 0 0 32 32
2445 0 0 32 32
2446 0 0 32 32
2447 0 0 32 32
2448 0 0 32 32
2449 0 0 32 32
2450 0 0 32 32
2451 0 0 32 32
2452 0 0 32 32
2453 0 0 32 32
2454 0 0 32 32
2455 0 0 32 32
2456 0 0 32 32
2457 0 0 32 32
2458 0 0 32 32
2459 0 0 32 32
2460 0 0 32 32
2461 0 0 32 32
2462 0 0 32 32
2463 0 0 32 32
2464 0 0 32 32
2465 0 0 32 32
2466 0 0 32 32
2467 0 0 32 32
2468 0 0 32 32
2469 0 0 32 32
2470 0 0 32 32
2471 0 0 32 32
2472 0 0 32 32
2473 0 0 32 32
2474 0 0 32 32
2475 0 0 32 32
2476 0 0 32 32
2477 0 0 32 32
2478 0 0 32 32
2479 0 0 32 32
2480 0 0 32 32
2481 0 0 32 32
2482 0 0 32 32
2483 0 0 32 32
2484 0 0 32 32
2485 0 0 32 32
2486 0 0 32 32
2487 0 0 32 32
2488 0 0 32 32
2489 0 0 32 32
2490 0 0 32 32
2491 0 0 32 32
2492 0 0 32 32
2493 0 0 32 32
2494 0 0 32 32
2495 0 0 32 32
2496 0 0 32 32
2497 0 0 32 32
2498 0 0 32 32
2499 0 0 32 32
2500 0 0 32 32
2501 0 0 32 32
2502 0 0 32 32
2503 0 0 32 32
2504 0 0 32 32
2505 0 0 32 32
2506 0 0 32 32
2507 0 0 32 32
2508 0 0 32 32
2509 0 0 32 32
2510 0 0 32 32
2511 0 0 32 32
2512 0 0 32 32
2513 0 0 32 32
2514 0 0 32 32
2515 0 0 32 32
2516 0 0 32 32
2517 0 0 32 32
2518 0 0 32 32
2519 0 0 32 32
2520 0 0 32 32
2521 0 0 32 32
2522 0 0 32 32
2523 0 0 32 32
2524 0 0 32 32
2525 0 0 32 32
2526 0 0 32 32
2527 0 0 32 32
2528 0 0 32 32
2529 0 0 32 32
2530 0 0 32 32
2531 0 0 32 32
2532 0 0 32 32
2533 0 0 32 32
2534 0 0 32 32
2535 0 0 32 32
2536 0 0 32 32
2537 0 0 32 32
2538 0 0 32 32
2539 0 0 32 32
2540 0 0 32 32
2541 0 0 32 32
2542 0 0 32 32
2543 0 0 32 32
2544 0 0 32 32
2545 0 0 32 32
2546 0 0 32 32
2547 0 0 32 32
2548 0 0 32 32
2549 0 0 32 32
2550 0 0 32 32
2551 0 0 32 32
2552 0 0 32 32
2553 0 0 32 32
2554 0 0 32 32
2555 0 0 32 32
2556 0 0 32 32
2557 0 0 32 32
2558 0 0 32 32
2559 0 0 32 32
2560 0 0 32 32
2561 0 0 32 32
2562 0 0 32 32
2563 0 0 32 32
2564 0 0 32 32
2565 0 0 32 32
2566 0 0 32 32
2567 0 0 32 32
2568 0 0 32 32
2569 0 0 32 32
2570 0 0 32 32
2571 0 0 32 32
2572 0 0 32 32
2573 0 0 32 32
2574 0 0 32 32
2575 0 0 32 32
2576 0 0 32 32
2577 0 0 32 32
2578 0 0 32 32
2579 0 0 32 32
2580 0 0 32 32
2581 0 0 32 32
2582 0 0 32 32
2583 0 0 32 32
2584 0 0 32 32
2585 0 0 32 32
2586 0 0 32 32
2587 0 0 32 32
2588 0 0 32 32
2589 0 0 32 32
2590 0 0 32 32
2591 0 0 32 32
2592 0 0 32 32
2593 0 0 32 32
2594 0 0 32 32
2595 0 0 32 32
2596 0 0 32 32
2597 0 0 32 32
2598 0 0 32 32
2599 0 0 32 32
2600 0 0 32 32
2601 0 0 32 32
2602 0 0 32 32
2603 0 0 32 32
2604 0 0 32 32
2605 0 0 32 32
2606 0 0 32 32
2607 0 0 32 32
2608 0 0 32 32
2609 0 0 32 32
2610 0 0 32 32
2611 0 0 32 32
2612 0 0 32 32
2613 0 0 32 32
2614 0 0 32 32
2615 0 0 32 32
2616 0 0 32 32
2617 0 0 32 32
2618 0 0 32 32
2619 0 0 32 32
2620 0 0 32 32
2621 0 0 32 32
2622 0 0 32 32
2623 0 0 32 32
2624 0 0 32 32
2625 0 0 32 32
2626 0 0 32 32
2627 0 0 32 32
2628 0 0 32 32
2629 0 0 32 32
2630 0 0 32 32
2631 0 0 32 32
2632 0 0 32 32
2633 0 0 32 32
2634 0 0 32 32
2635 0 0 32 32
2636 0 0 32 32
2637 0 0 32 32
2638 0 0 32 32
2639 0 0 32 32
2640 0 0 32 32
2641 0 0 32 32
2642 0 0 32 32
2643 0 0 32 32
2644 0 0 32 32
2645 0 0 32 32
2646 0 0 32 32
2647 0 0 32 32
2648 0 0 32 32
2649 0 0 32 32
2650 0 0 32 32
2651 0 0 32 32
2652 0 0 32 32
2653 0 0 32 32
2654 0 0 32 32
2655 0 0 32 32
2656 0 0 32 32
2657 0 0 32 32
2658 0 0 32 32
2659 0 0 32 32
2660 0 0 32 32
2661 0 0 32 32
2662 0 0 32 32
2663 0 0 32 32
2664 0 0 32 32
2665 0 0 32 32
2666 0 0 32 32
2667 0 0 32 32
2668 0 0 32 32
2669 0 0 32 32
2670 0 0 32 32
2671 0 0 32 32
2672 0 0 32 32
2673 0 0 32 32
2674 0 0 32 32
2675 0 0 32 32
2676 0 0 32 32
2677 0 0 32 32
2678 0 0 32 32
2679 0 0 32 32
2680 0 0 32 32
2681 0 0 32 32
2682 0 0 32 32
2683 0 0 32 32
2684 0 0 32 32
2685 0 0 32 32
2686 0 0 32 32
2687 0 0 32 32
2688 0 0 32 32
2689 0 0 32 32
2690 0 0 32 32
2691 0 0 32 32
2692 0 0 32 32
2693 0 0 32 32
2694 0 0 32 32
2695 0 0 32 32
2696 0 0 32 32
2697 0 0 32 32
2698 0 0 32 32
2699 0 0 32 32
2700 0 0 32 32
2701 0 0 32 32
2702 0 0 32 32
2703 0 0 32 32
2704 0 0 32 32
2705 0 0 32 32
2706 0 0 32 32
2707 0 0 32 32
2708 0 0 32 32
2709 0 0 32 32
2710 0 0 32 32
2711 0 0 32 32
2712 0 0 32 32
2713 0 0 32 32
2714 0 0 32 32
2715 0 0 32 32
2716 0 0 32 32
2717 0 0 32 32
2718 0 0 32 32
2719 0 0 32 32
2720 0 0 32 32
2721 0 0 32 32
2722 0 0 32 32
2723 0 0 32 32
2724 0 0 32 32
2725 0 0 32 32
2726 0 0 32 32
2727 0 0 32 32
2728 0 0 32 32
2729 0 0 32 32
2730 0 0 32 32
2731 0 0 32 32
2732 0 0 32 32
2733 0 0 32 32
2734 0 0 32 32
2735 0 0 32 32
2736 0 0 32 32
2737 0 0 32 32
2738 0 0 32 32
2739 0 0 32 32
2740 0 0 32 32
2741 0 0 32 32
2742 0 0 32 32
2743 0 0 32 32
2744 0 0 32 32
2745 0 0 32 32
2746 0 0 32 32
2747 0 0 32 32
2748 0 0 32 32
2749 0 0 32 32
2750 0 0 32 32
2751 0 0 32 32
2752 0 0 32 32
2753 0 0 32 32
2754 0 0 32 32
2755 0 0 32 32
2756 0 0 32 32
2757 0 0 32 32
2758 0 0 32 32
2759 0 0 32 32
2760 0 0 32 32
2761 0 0 32 32
2762 0 0 32 32
2763 0 0 32 32
2764 0 0 32 32
2765 0 0 32 32
2766 0 0 32 32
2767 0 0 32 32
2768 0 0 32 32
2769 0 0 32 32
2770 0 0 32 32
2771 0 0 32 32
2772 0 0 32 32
2773 0 0 32 32
2774 0 0 32 32
2775 0 0 32 32
2776 0 0 32 32
2777 0 0 32 32
2778 0 0 32 32
2779 0 0 32 32
2780 0 0 32 32
2781 0 0 32 32
2782 0 0 32 32
2783 0 0 32 32
2784 0 0 32 32
2785 0 0 32 32
2786 0 0 32 32
2787 0 0 32 32
2788 0 0 32 32
2789 0 0 32 32
2790 0 0 32 32
2791 0 0 32 32
2792 0 0 32 32
2793 0 0 32 32
2794 0 0 32 32
2795 0 0 32 32
2796 0 0 32 32
2797 0 0 32 32
2798 0 0 32 32
2799 0 0 32 32
2800 0 0 32 32
2801 0 0 32 32
2802 0 0 32 32
2803 0 0 32 32
2804 0 0 32 32
2805 0 0 32 32
2806 0 0 32 32
2807 0 0 32 32
2808 0 0 32 32
2809 0 0 32 32
2810 0 0 32 32
2811 0 0 32 32
2812 0 0 32 32
2813 0 0 32 32
2814 0 0 32 32
2815 0 0 32 32
2816 0 0 32 32
2817 0 0 32 32
2818 0 0 32 32
2819 0 0 32 32
2820 0 0 32 32
2821 0 0 32 32
2822 0 0 32 32
2823 0 0 32 32
2824 0 0 32 32
2825 0 0 32 32
2826 0 0 32 32
2827 0 0 32 32
2828 0 0 32 32
2829 0 0 32 32
2830 0 0 32 32
2831 0 0 32 32
2832 0 0 32 32
2833 0 0 32 32
2834 0 0 32 32
2835 0 0 32 32
2836 0 0 32 32
2837 0 0 32 32
2838 0 0 32 32
2839 0 0 32 32
2840 0 0 32 32
2841 0 0 32 32
2842 0 0 32 32
2843 0 0 32 32
2844 0 0 32 32
2845 0 0 32 32
2846 0 0 32 32
2847 0 0 32 32
2848 0 0 32 32
2849 0 0 32 32
2850 0 0 32 32
2851 0 0 32 32
2852 0 0 32 32
2853 0 0 32 32
2854 0 0 32 32
2855 0 0 32 32
2856 0 0 32 32
2857 0 0 32 32
2858 0 0 32 32
2859 0 0 32 32
2860 0 0 32 32
2861 0 0 32 32
2862 0 0 32 32
2863 0 0 32 32
2864 0 0 32 32
2865 0 0 32 32
2866 0 0 32 32
2867 0 0 32 32
2868 0 0 32 32
2869 0 0 32 32
2870 0 0 32 32
2871 0 0 32 32
2872 0 0 32 32
2873 0 0 32 32
2874 0 0 32 32
2875 0 0 32 32
2876 0 0 32 32
2877 0 0 32 32
2878 0 0 32 32
2879 0 0 32 32
2880 0 0 32 32
2881 0 0 32 32
2882 0 0 32 32
2883 0 0 32 32
2884 0 0 32 32
2885 0 0 32 32
2886 0 0 32 32
2887 0 0 32 32
2888 0 0 32 32
2889 0 0 32 32
2890 0 0 32 32
2891 0 0 32 32
2892 0 0 32 32
2893 0 0 32 32
2894 0 0 32 32
2895 0 0 32 32
2896 0 0 32 32
2897 0 0 32 32
2898 0 0 32 32
2899 0 0 32 32
2900 0 0 32 32
2901 0 0 32 32
2902 0 0 32 32
2903 0 0 32 32
2904 0 0 32 32
2905 0 0 32 32
2906 0 0 32 32
2907 0 0 32 32
2908 0 0 32 32
2909 0 0 32 32
2910 0 0 32 32
2911 0 0 32 32
2912 0 0 32 32
2913 0 0 32 32
2914 0 0 32 32
2915 0 0 32 32
2916 0 0 32 32
2917 0 0 32 32
2918 0 0 32 32
2919 0 0 32 32
2920 0 0 32 32
2921 0 0 32 32
2922 0 0 32 32
2923 0 0 32 32
2924 0 0 32 32
2925 0 0 32 32
2926 0 0 32 32
2927 0 0 32 32
2928 0 0 32 32
2929 0 0 32 32
2930 0 0 32 32
2931 0 0 32 32
2932 0 0 32 32
2933 0 0 32 32
2934 0 0 32 32
2935 0 0 32 32
2936 0 0 32 32
2937 0 0 32 32
2938 0 0 32 32
2939 0 0 32 32
2940 0 0 32 32
2941 0 0 32 32
2942 0 0 32 32
2943 0 0 32 32
2944 0 0 32 32
2945 0 0 32 32
2946 0 0 32 32
2947 0 0 32 32
2948 0 0 32 32
2949 0 0 32 32
2950 0 0 32 32
2951 0 0 32 32
2952 0 0 32 32
2953 0 0 32 32
2954 0 0 32 32
2955 0 0 32 32
2956 0 0 32 32
2957 0 0 32 32
2958 0 0 32 32
2959 0 0 32 32
2960 0 0 32 32
2961 0 0 32 32
2962 0 0 32 32
2963 0 0 32 32
2964 0 0 32 32
2965 0 0 32 32
2966 0 0 32 32
2967 0 0 32 32
2968 0 0 32 32
2969 0 0 32 32
2970 0 0 32 32
2971 0 0 32 32
2972 0 0 32 32
2973 0 0 32 32
2974 0 0 32 32
2975 0 0 32 32
2976 0 0 32 32
2977 0 0 32 32
2978 0 0 32 32
2979 0 0 32 32
2980 0 0 32 32
2981 0 0 32 32
2982 0 0 32 32
2983 0 0 32 32
2984 0 0 32 32
2985 0 0 32 32
2986 0 0 32 32
2987 0 0 32 32
2988 0 0 32 32
2989 0 0 32 32
2990 0 0 32 32
2991 0 0 32 32
2992 0 0 32 32
2993 0 0 32 32
2994 0 0 32 32
2995 0 0 32 32
2996 0 0 32 32
2997 0 0 32 32
2998 0 0 32 32
2999 0 0 32 32
3000 0 0 32 32
3001 0 0 32 32
3002 0 0 32 32
3003 0 0 32 32
3004 0 0 32 32
3005 0 0 32 32
3006 0 0 32 32
3007 0 0 32 32
3008 0 0 32 32
3009 0 0 32 32
3010 0 0 32 32
3011 0 0 32 32
3012 0 0 32 32
3013 0 0 32 32
3014 0 0 32 32
3015 0 0 32 32
3016 0 0 32 32
3017 0 0 32 32
3018 0 0 32 32
3019 0 0 32 32
3020 0 0 32 32
3021 0 0 32 32
3022 0 0 32 32
3023 0 0 32 32
3024 0 0 32 32
3025 0 0 32 32
3026 0 0 32 32
3027 0 0 32 32
3028 0 0 32 32
3029 0 0 32 32
3030 0 0 32 32
3031 0 0 32 32
3032 0 0 32 32
3033 0 0 32 32
3034 0 0 32 32
3035 0 0 32 32
3036 0 0 32 32
3037 0 0 32 32
3038 0 0 32 32
3039 0 0 32 32
3040 0 0 32 32
3041 0 0 32 32
3042 0 0 32 32
3043 0 0 32 32
3044 0 0 32 32
3045 0 0 32 32
3046 0 0 32 32
3047 0 0 32 32
3048 0 0 32 32
3049 0 0 32 32
3050 0 0 32 32
3051 0 0 32 32
3052 0 0 32 32
3053 0 0 32 32
3054 0 0 32 32
3055 0 0 32 32
3056 0 0 32 32
3057 0 0 32 32
3058 0 0 32 32
3059 0 0 32 32
3060 0 0 32 32
3061 0 0 32 32
3062 0 0 32 32
3063 0 0 32 32
3064 0 0 32 32
3065 0 0 32 32
3066 0 0 32 32
3067 0 0 32 32
3068 0 0 32 32
3069 0 0 32 32
3070 0 0 32 32
3071 0 0 32 32
3072 0 0 32 32
3073 0 0 32 32
3074 0 0 32 32
3075 0 0 32 32
3076 0 0 32 32
3077 0 0 32 32
3078 0 0 32 32
3079 0 0 32 32
3080 0 0 32 32
3081 0 0 32 32
3082 0 0 32 32
3083 0 0 32 32
3084 0 0 32 32
3085 0 0 32 32
3086 0 0 32 32
3087 0 0 32 32
3088 0 0 32 32
3089 0 0 32 32
3090 0 0 32 32
3091 0 0 32 32
3092 0 0 32 32
3093 0 0 32 32
3094 0 0 32 32
3095 0 0 32 32
3096 0 0 32 32
3097 0 0 32 32
3098 0 0 32 32
3099 0 0 32 32
3100 0 0 32 32
3101 0 0 32 32
3102 0 0 32 32
3103 0 0 32 32
3104 0 0 32 32
3105 0 0 32 32
3106 0 0 32 32
3107 0 0 32 32
3108 0 0 32 32
3109 0 0 32 32
3110 0 0 32 32
3111 0 0 32 32
3112 0 0 32 32
3113 0 0 32 32
3114 0 0 32 32
3115 0 0 32 32
3116 0 0 32 32
3117 0 0 32 32
3118 0 0 32 32
3119 0 0 32 32
3120 0 0 32 32
3121 0 0 32 32
3122 0 0 32 32
3123 0 0 32 32
3124 0 0 32 32
3125 0 0 32 32
3126 0 0 32 32
3127 0 0 32 32
3128 0 0 32 32
3129 0 0 32 32
3130 0 0 32 32
3131 0 0 32 32
3132 0 0 32 32
3133 0 0 32 32
3134 0 0 32 32
3135 0 0 32 32
3136 0 0 32 32
3137 0 0 32 32
3138 0 0 32 32
3139 0 0 32 32
3140 0 0 32 32
3141 0 0 32 32
3142 0 0 32 32
3143 0 0 32 32
3144 0 0 32 32
3145 0 0 32 32
3146 0 0 32 32
3147 0 0 32 32
3148 0 0 32 32
3149 0 0 32 32
3150 0 0 32 32
3151 0 0 32 32
3152 0 0 32 32
3153 0 0 32 32
3154 0 0 32 32
3155 0 0 32 32
3156 0 0 32 32
3157 0 0 32 32
3158 0 0 32 32
3159 0 0 32 32
3160 0 0 32 32
3161 0 0 32 32
3162 0 0 32 32
3163 0 0 32 32
3164 0 0 32 32
3165 0 0 32 32
3166 0 0 32 32
3167 0 0 32 32
3168 0 0 32 32
3169 0 0 32 32
3170 0 0 32 32
3171 0 0 32 32
3172 0 0 32 32
3173 0 0 32 32
3174 0 0 32 32
3175 0 0 32 32
3176 0 0 32 32
3177 0 0 32 32
3178 0 0 32 32
3179 0 0 32 32
3180 0 0 32 32
3181 0 0 32 32
3182 0 0 32 32
3183 0 0 32 32
3184 0 0 32 32
3185 0 0 32 32
3186 0 0 32 32
3187 0 0 32 32
3188 0 0 32 32
3189 0 0 32 32
3190 0 0 32 32
3191 0 0 32 32
3192 0 0 32 32
3193 0 0 32 32
3194 0 0 32 32
3195 0 0 32 32
3196 0 0 32 32
3197 0 0 32 32
3198 0 0 32 32
3199 0 0 32 32
3200 0 0 32 32
3201 0 0 32 32
3202 0 0 32 32
3203 0 0 32 32
3204 0 0 32 32
3205 0 0 32 32
3206 0 0 32 32
3207 0 0 32 32
3208 0 0 32 32
3209 0 0 32 32
3210 0 0 32 32
3211 0 0 32 32
3212 0 0 32 32
3213 0 0 32 32
3214 0 0 32 32
3215 0 0 32 32
3216 0 0 32 32
3217 0 0 32 32
3218 0 0 32 32
3219 0 0 32 32
3220 0 0 32 32
3221 0 0 32 32
3222 0 0 32 32
3223 0 0 32 32
3224 0 0 32 32
3225 0 0 32 32
3226 0 0 32 32
3227 0 0 32 32
3228 0 0 32 32
3229 0 0 32 32
3230 0 0 32 32
3231 0 0 32 32
3232 0 0 32 32
3233 0 0 32 32
3234 0 0 32 32
3235 0 0 32 32
3236 0 0 32 32
3237 0 0 32 32
3238 0 0 32 32
3239 0 0 32 32
3240 0 0 32 32
3241 0 0 32 32
3242 0 0 32 32
3243 0 0 32 32
3244 0 0 32 32
3245 0 0 32 32
3246 0 0 32 32
3247 0 0 32 32
3248 0 0 32 32
3249 0 0 32 32
3250 0 0 32 32
3251 0 0 32 32
3252 0 0 32 32
3253 0 0 32 32
3254 0 0 32 32
3255 0 0 32 32
3256 0 0 32 32
3257 0 0 32 32
3258 0 0 32 32
3259 0 0 32 32
3260 0 0 32 32
3261 0 0 32 32
3262 0 0 32 32
3263 0 0 32 32
3264 0 0 32 32
3265 0 0 32 32
3266 0 0 32 32
3267 0 0 32 32
3268 0 0 32 32
3269 0 0 32 32
3270 0 0 32 32
3271 0 0 32 32
3272 0 0 32 32
3273 0 0 32 32
3274 0 0 32 32
3275 0 0 32 32
3276 0 0 32 32
3277 0 0 32 32
3278 0 0 32 32
3279 0 0 32 32
3280 0 0 32 32
3281 0 0 32 32
3282 0 0 32 32
3283 0 0 32 32
3284 0 0 32 32
3285 0 0 32 32
3286 0 0 32 32
3287 0 0 32 32
3288 0 0 32 32
3289 0 0 32 32
3290 0 0 32 32
3291 0 0 32 32
3292 0 0 32 32
3293 0 0 32 32
3294 0 0 32 32
3295 0 0 32 32
3296 0 0 32 32
3297 0 0 32 32
3298 0 0 32 32
3299 0 0 32 32
3300 0 0 32 32
3301 0 0 32 32
3302 0 0 32 32
3303 0 0 32 32
3304 0 0 32 32
3305 0 0 32 32
3306 0 0 32 32
3307 0 0 32 32
3308 0 0 32 32
3309 0 0 32 32
3310 0 0 32 32
3311 0 0 32 32
3312 0 0 32 32
3313 0 0 32 32
3314 0 0 32 32
3315 0 0 32 32
3316 0 0 32 32
3317 0 0 32 32
3318 0 0 32 32
3319 0 0 32 32
3320 0 0 32 32
3321 0 0 32 32
3322 0 0 32 32
3323 0 0 32 32
3324 0 0 32 32
3325 0 0 32 32
3326 0 0 32 32
3327 0 0 32 32
3328 0 0 32 32
3329 0 0 32 32
3330 0 0 32 32
3331 0 0 32 32
3332 0 0 32 32
3333 0 0 32 32
3334 0 0 32 32
3335 0 0 32 32
3336 0 0 32 32
3337 0 0 32 32
3338 0 0 32 32
3339 0 0 32 32
3340 0 0 32 32
3341 0 0 32 32
3342 0 0 32 32
3343 0 0 32 32
3344 0 0 32 32
3345 0 0 32 32
3346 0 0 32 32
3347 0 0 32 32
3348 0 0 32 32
3349 0 0 32 32
3350 0 0 32 32
3351 0 0 32 32
3352 0 0 32 32
3353 0 0 32 32
3354 0 0 32 32
3355 0 0 32 32
3356 0 0 32 32
3357 0 0 32 32
3358 0 0 32 32
3359 0 0 32 32
3360 0 0 32 32
3361 0 0 32 32
3362 0 0 32 32
3363 0 0 32 32
3364 0 0 32 32
3365 0 0 32 32
3366 0 0 32 32
3367 0 0 32 32
3368 0 0 32 32
3369 0 0 32 32
3370 0 0 32 32
3371 0 0 32 32
3372 0 0 32 32
3373 0 0 32 32
3374 0 0 32 32
3375 0 0 32 32
3376 0 0 32 32
3377 0 0 32 32
3378 0 0 32 32
3379 0 0 32 32
3380 0 0 32 32
3381 0 0 32 32
3382 0 0 32 32
3383 0 0 32 32
3384 0 0 32 32
3385 0 0 32 32
3386 0 0 32 32
3387 0 0 32 32
3388 0 0 32 32
3389 0 0 32 32
3390 0 0 32 32
3391 0 0 32 32
3392 0 0 32 32
3393 0 0 32 32
3394 0 0 32 32
3395 0 0 32 32
3396 0 0 32 32
3397 0 0 32 32
3398 0 0 32 32
3399 0 0 32 32
3400 0 0 32 32
3401 0 0 32 32
3402 0 0 32 32
3403 0 0 32 32
3404 0 0 32 32
3405 0 0 32 32
3406 0 0 32 32
3407 0 0 32 32
3408 0 0 32 32
3409 0 0 32 32
3410 0 0 32 32
3411 0 0 32 32
3412 0 0 32 32
3413 0 0 32 32
3414 0 0 32 32
3415 0 0 32 32
3416 0 0 32 32
3417 0 0 32 32
3418 0 0 32 32
3419 0 0 32 32
3420 0 0 32 32
3421 0 0 32 32
3422 0 0 32 32
3423 0 0 32 32
3424 0 0 32 32
3425 0 0 32 32
3426 0 0 32 32
3427 0 0 32 32
3428 0 0 32 32
3429 0 0 32 32
3430 0 0 32 32
3431 0 0 32 32
3432 0 0 32 32
3433 0 0 32 32
3434 0 0 32 32
3435 0 0 32 32
3436 0 0 32 32
3437 0 0 32 32
3438 0 0 32 32
3439 0 0 32 32
3440 0 0 32 32
3441 0 0 32 32
3442 0 0 32 32
3443 0 0 32 32
3444 0 0 32 32
3445 0 0 32 32
3446 0 0 32 32
3447 0 0 32 32
3448 0 0 32 32
3449 0 0 32 32
3450 0 0 32 32
3451 0 0 32 32
3452 0 0 32 32
3453 0 0 32 32
3454 0 0 32 32
3455 0 0 32 32
3456 0 0 32 32
3457 0 0 32 32
3458 0 0 32 32
3459 0 0 32 32
3460 0 0 32 32
3461 0 0 32 32
3462 0 0 32 32
3463 0 0 32 32
3464 0 0 32 32
3465 0 0 32 32
3466 0 0 32 32
3467 0 0 32 32
3468 0 0 32 32
3469 0 0 32 32
3470 0 0 32 32
3471 0 0 32 32
3472 0 0 32 32
3473 0 0 32 32
3474 0 0 32 32
3475 0 0 32 32
3476 0 0 32 32
3477 0 0 32 32
3478 0 0 32 32
3479 0 0 32 32
3480 0 0 32 32
3481 0 0 32 32
3482 0 0 32 32
3483 0 0 32 32
3484 0 0 32 32
3485 0 0 32 32
3486 0 0 32 32
3487 0 0 32 32
3488 0 0 32 32
3489 0 0 32 32
3490 0 0 32 32
3491 0 0 32 32
3492 0 0 32 32
3493 0 0 32 32
3494 0 0 32 32
3495 0 0 32 32
3496 0 0 32 32
3497 0 0 32 32
3498 0 0 32 32
3499 0 0 32 32
3500 0 0 32 32
3501 0 0 32 32
3502 0 0 32 32
3503 0 0 32 32
3504 0 0 32 32
3505 0 0 32 32
3506 0 0 32 32
3507 0 0 32 32
3508 0 0 32 32
3509 0 0 32 32
3510 0 0 32 32
3511 0 0 32 32
3512 0 0 32 32
3513 0 0 32 32
3514 0 0 32 32
3515 0 0 32 32
3516 0 0 32 32
3517 0 0 32 32
3518 0 0 32 32
3519 0 0 32 32
3520 0 0 32 32
3521 0 0 32 32
3522 0 0 32 32
3523 0 0 32 32
3524 0 0 32 32
3525 0 0 32 32
3526 0 0 32 32
3527 0 0 32 32
3528 0 0 32 32
3529 0 0 32 32
3530 0 0 32 32
3531 0 0 32 32
3532 0 0 32 32
3533 0 0 32 32
3534 0 0 32 32
3535 0 0 32 32
3536 0 0 32 32
3537 0 0 32 32
3538 0 0 32 32
3539 0 0 32 32
3540 0 0 32 32
3541 0 0 32 32
3542 0 0 32 32
3543 0 0 32 32
3544 0 0 32 32
3545 0 0 32 32
3546 0 0 32 32
3547 0 0 32 32
3548 0 0 32 32
3549 0 0 32 32
3550 0 0 32 32
3551 0 0 32 32
3552 0 0 32 32
3553 0 0 32 32
3554 0 0 32 32
3555 0 0 32 32
3556 0 0 32 32
3557 0 0 32 32
3558 0 0 32 32
3559 0 0 32 32
3560 0 0 32 32
3561 0 0 32 32
3562 0 0 32 32
3563 0 0 32 32
3564 0 0 32 32
3565 0 0 32 32
3566 0 0 32 32
3567 0 0 32 32
3568 0 0 32 32
3569 0 0 32 32
3570 0 0 32 32
3571 0 0 32 32
3572 0 0 32 32
3573 0 0 32 32
3574 0 0 32 32
3575 0 0 32 32
3576 0 0 32 32
3577 0 0 32 32
3578 0 0 32 32
3579 0 0 32 32
3580 0 0 32 32
3581 0 0 32 32
3582 0 0 32 32
3583 0 0 32 32
3584 0 0 32 32
3585 0 0 32 32
3586 0 0 32 32
3587 0 0 32 32
3588 0 0 32 32
3589 0 0 32 32
3590 0 0 32 32
3591 0 0 32 32
3592 0 0 32 32
3593 0 0 32 32
3594 0 0 32 32
3595 0 0 32 32
3596 0 0 32 32
3597 0 0 32 32
3598 0 0 32 32
3599 0 0 32 32
3600 0 0 32 32
3601 0 0 32 32
3602 0 0 32 32
3603 0 0 32 32
3604 0 0 32 32
3605 0 0 32 32
3606 0 0 32 32
3607 0 0 32 32
3608 0 0 32 32
3609 0 0 32 32
3610 0 0 32 32
3611 0 0 32 32
3612 0 0 32 32
3613 0 0 32 32
3614 0 0 32 32
3615 0 0 32 32
3616 0 0 32 32
3617 0 0 32 32
3618 0 0 32 32
3619 0 0 32 32
3620 0 0 32 32
3621 0 0 32 32
3622 0 0 32 32
3623 0 0 32 32
3624 0 0 32 32
3625 0 0 32 32
3626 0 0 32 32
3627 0 0 32 32
3628 0 0 32 32
3629 0 0 32 32
3630 0 0 32 32
3631 0 0 32 32
3632 0 0 32 32
3633 0 0 32 32
3634 0 0 32 32
3635 0 0 32 32
3636 0 0 32 32
3637 0 0 32 32
3638 0 0 32 32
3639 0 0 32 32
3640 0 0 32 32
3641 0 0 32 32
3642 0 0 32 32
3643 0 0 32 32
