0 0 0 32 32
1 0 0 32 32
2 0 0 32 32
3 0 0 32 32
4 0 0 32 32
5 0 0 32 32
6 0 0 32 32
7 0 0 32 32
8 0 0 32 32
9 0 0 32 32
10 0 0 32 32
11 0 0 32 32
12 0 0 32 32
13 0 0 32 32
14 0 0 32 32
15 0 0 32 32
16 0 0 32 32
17 0 0 32 32
18 0 0 32 32
19 0 0 32 32
20 0 0 32 32
21 0 0 32 32
22 0 0 32 32
23 0 0 32 32
24 0 0 32 32
25 0 0 32 32
26 0 0 32 32
27 0 0 32 32
28 0 0 32 32
29 0 0 32 32
30 0 0 32 32
31 0 0 32 32
32 0 0 32 32
33 0 0 32 32
34 0 0 32 32
35 0 0 32 32
36 0 0 32 32
37 0 0 32 32
38 0 0 32 32
39 0 0 32 32
40 0 0 32 32
41 0 0 32 32
42 0 0 32 32
43 0 0 32 32
44 0 0 32 32
45 0 0 32 32
46 0 0 32 32
47 0 0 32 32
48 0 0 32 32
49 0 0 32 32
50 0 0 32 32
51 0 0 32 32
52 0 0 32 32
53 0 0 32 32
54 0 0 32 32
55 0 0 32 32
56 0 0 32 32
57 0 0 32 32
58 0 0 32 32
59 0 0 32 32
60 0 0 32 32
61 0 0 32 32
62 0 0 32 32
63 0 0 32 32
64 0 0 32 32
65 0 0 32 32
66 0 0 32 32
67 0 0 32 32
68 0 0 32 32
69 0 0 32 32
70 0 0 32 32
71 0 0 32 32
72 0 0 32 32
73 0 0 32 32
74 0 0 32 32
75 0 0 32 32
76 0 0 32 32
77 0 0 32 32
78 0 0 32 32
79 0 0 32 32
80 0 0 32 32
81 0 0 32 32
82 0 0 32 32
83 0 0 32 32
84 0 0 32 32
85 0 0 32 32
86 0 0 32 32
87 0 0 32 32
88 0 0 32 32
89 0 0 32 32
90 0 0 32 32
91 0 0 32 32
92 0 0 32 32
93 0 0 32 32
94 0 0 32 32
95 0 0 32 32
96 0 0 32 32
97 0 0 32 32
98 0 0 32 32
99 0 0 32 32
100 0 0 32 32
101 0 0 32 32
102 0 0 32 32
103 0 0 32 32
104 0 0 32 32
105 0 0 32 32
106 0 0 32 32
107 0 0 32 32
108 0 0 32 32
109 0 0 32 32
110 0 0 32 32
111 0 0 32 32
112 0 0 32 32
113 0 0 32 32
114 0 0 32 32
115 0 0 32 32
116 0 0 32 32
117 0 0 32 32
118 0 0 32 32
119 0 0 32 32
120 0 0 32 32
121 0 0 32 32
122 0 0 32 32
123 0 0 32 32
124 0 0 32 32
125 0 0 32 32
126 0 0 32 32
127 0 0 32 32
128 0 0 32 32
129 0 0 32 32
130 0 0 32 32
131 0 0 32 32
132 0 0 32 32
133 0 0 32 32
134 0 0 32 32
135 0 0 32 32
136 0 0 32 32
137 0 0 32 32
138 0 0 32 32
139 0 0 32 32
140 0 0 32 32
141 0 0 32 32
142 0 0 32 32
143 0 0 32 32
144 0 0 32 32
145 0 0 32 32
146 0 0 32 32
147 0 0 32 32
148 0 0 32 32
149 0 0 32 32
150 0 0 32 32
151 0 0 32 32
152 0 0 32 32
153 0 0 32 32
154 0 0 32 32
155 0 0 32 32
156 0 0 32 32
157 0 0 32 32
158 0 0 32 32
159 0 0 32 32
160 0 0 32 32
161 0 0 32 32
162 0 0 32 32
163 0 0 32 32
164 0 0 32 32
165 0 0 32 32
166 0 0 32 32
167 0 0 32 32
168 0 0 32 32
169 0 0 32 32
170 0 0 32 32
171 0 0 32 32
172 0 0 32 32
173 0 0 32 32
174 0 0 32 32
175 0 0 32 32
176 0 0 32 32
177 0 0 32 32
178 0 0 32 32
179 0 0 32 32
180 0 0 32 32
181 0 0 32 32
182 0 0 32 32
183 0 0 32 32
184 0 0 32 32
185 0 0 32 32
186 0 0 32 32
187 0 0 32 32
188 0 0 32 32
189 0 0 32 32
190 0 0 32 32
191 0 0 32 32
192 0 0 32 32
193 0 0 32 32
194 0 0 32 32
195 0 0 32 32
196 0 0 32 32
197 0 0 32 32
198 0 0 32 32
199 0 0 32 32
200 0 0 32 32
201 0 0 32 32
202 0 0 32 32
203 0 0 32 32
204 0 0 32 32
205 0 0 32 32
206 0 0 32 32
207 0 0 32 32
208 0 0 32 32
209 0 0 32 32
210 0 0 32 32
211 0 0 32 32
212 0 0 32 32
213 0 0 32 32
214 0 0 32 32
215 0 0 32 32
216 0 0 32 32
217 0 0 32 32
218 0 0 32 32
219 0 0 32 32
220 0 0 32 32
221 0 0 32 32
222 0 0 32 32
223 0 0 32 32
224 0 0 32 32
225 0 0 32 32
226 0 0 32 32
227 0 0 32 32
228 0 0 32 32
229 0 0 32 32
230 0 0 32 32
231 0 0 32 32
232 0 0 32 32
233 0 0 32 32
234 0 0 32 32
235 0 0 32 32
236 0 0 32 32
237 0 0 32 32
238 0 0 32 32
239 0 0 32 32
240 0 0 32 32
241 0 0 32 32
242 0 0 32 32
243 0 0 32 32
244 0 0 32 32
245 0 0 32 32
246 0 0 32 32
247 0 0 32 32
248 0 0 32 32
249 0 0 32 32
250 0 0 32 32
251 0 0 32 32
252 0 0 32 32
253 0 0 32 32
254 0 0 32 32
255 0 0 32 32
256 0 0 32 32
257 0 0 32 32
258 0 0 32 32
259 0 0 32 32
260 0 0 32 32
261 0 0 32 32
262 0 0 32 32
263 0 0 32 32
264 0 0 32 32
265 0 0 32 32
266 0 0 32 32
267 0 0 32 32
268 0 0 32 32
269 0 0 32 32
270 0 0 32 32
271 0 0 32 32
272 0 0 32 32
273 0 0 32 32
274 0 0 32 32
275 0 0 32 32
276 0 0 32 32
277 0 0 32 32
278 0 0 32 32
279 0 0 32 32
280 0 0 32 32
281 0 0 32 32
282 0 0 32 32
283 0 0 32 32
284 0 0 32 32
285 0 0 32 32
286 0 0 32 32
287 0 0 32 32
288 0 0 32 32
289 0 0 32 32
290 0 0 32 32
291 0 0 32 32
292 0 0 32 32
293 0 0 32 32
294 0 0 32 32
295 0 0 32 32
296 0 0 32 32
297 0 0 32 32
298 0 0 32 32
299 0 0 32 32
300 0 0 32 32
301 0 0 32 32
302 0 0 32 32
303 0 0 32 32
304 0 0 32 32
305 0 0 32 32
306 0 0 32 32
307 0 0 32 32
308 0 0 32 32
309 0 0 32 32
310 0 0 32 32
311 0 0 32 32
312 0 0 32 32
313 0 0 32 32
314 0 0 32 32
315 0 0 32 32
316 0 0 32 32
317 0 0 32 32
318 0 0 32 32
319 0 0 32 32
320 0 0 32 32
321 0 0 32 32
322 0 0 32 32
323 0 0 32 32
324 0 0 32 32
325 0 0 32 32
326 0 0 32 32
327 0 0 32 32
328 0 0 32 32
329 0 0 32 32
330 0 0 32 32
331 0 0 32 32
332 0 0 32 32
333 0 0 32 32
334 0 0 32 32
335 0 0 32 32
336 0 0 32 32
337 0 0 32 32
338 0 0 32 32
339 0 0 32 32
340 0 0 32 32
341 0 0 32 32
342 0 0 32 32
343 0 0 32 32
344 0 0 32 32
345 0 0 32 32
346 0 0 32 32
347 0 0 32 32
348 0 0 32 32
349 0 0 32 32
350 0 0 32 32
351 0 0 32 32
352 0 0 32 32
353 0 0 32 32
354 0 0 32 32
355 0 0 32 32
356 0 0 32 32
357 0 0 32 32
358 0 0 32 32
359 0 0 32 32
360 0 0 32 32
361 0 0 32 32
362 0 0 32 32
363 0 0 32 32
364 0 0 32 32
365 0 0 32 32
366 0 0 32 32
367 0 0 32 32
368 0 0 32 32
369 0 0 32 32
370 0 0 32 32
371 0 0 32 32
372 0 0 32 32
373 0 0 32 32
374 0 0 32 32
375 0 0 32 32
376 0 0 32 32
377 0 0 32 32
378 0 0 32 32
379 0 0 32 32
380 0 0 32 32
381 0 0 32 32
382 0 0 32 32
383 0 0 32 32
384 0 0 32 32
385 0 0 32 32
386 0 0 32 32
387 0 0 32 32
388 0 0 32 32
389 0 0 32 32
390 0 0 32 32
391 0 0 32 32
392 0 0 32 32
393 0 0 32 32
394 0 0 32 32
395 0 0 32 32
396 0 0 32 32
397 0 0 32 32
398 0 0 32 32
399 0 0 32 32
400 0 0 32 32
401 0 0 32 32
402 0 0 32 32
403 0 0 32 32
404 0 0 32 32
405 0 0 32 32
406 0 0 32 32
407 0 0 32 32
408 0 0 32 32
409 0 0 32 32
410 0 0 32 32
411 0 0 32 32
412 0 0 32 32
413 0 0 32 32
414 0 0 32 32
415 0 0 32 32
416 0 0 32 32
417 0 0 32 32
418 0 0 32 32
419 0 0 32 32
420 0 0 32 32
421 0 0 32 32
422 0 0 32 32
423 0 0 32 32
424 0 0 32 32
425 0 0 32 32
426 0 0 32 32
427 0 0 32 32
428 0 0 32 32
429 0 0 32 32
430 0 0 32 32
431 0 0 32 32
432 0 0 32 32
433 0 0 32 32
434 0 0 32 32
435 0 0 32 32
436 0 0 32 32
437 0 0 32 32
438 0 0 32 32
439 0 0 32 32
440 0 0 32 32
441 0 0 32 32
442 0 0 32 32
443 0 0 32 32
444 0 0 32 32
445 0 0 32 32
446 0 0 32 32
447 0 0 32 32
448 0 0 32 32
449 0 0 32 32
450 0 0 32 32
451 0 0 32 32
452 0 0 32 32
453 0 0 32 32
454 0 0 32 32
455 0 0 32 32
456 0 0 32 32
457 0 0 32 32
458 0 0 32 32
459 0 0 32 32
460 0 0 32 32
461 0 0 32 32
462 0 0 32 32
463 0 0 32 32
464 0 0 32 32
465 0 0 32 32
466 0 0 32 32
467 0 0 32 32
468 0 0 32 32
469 0 0 32 32
470 0 0 32 32
471 0 0 32 32
472 0 0 32 32
473 0 0 32 32
474 0 0 32 32
475 0 0 32 32
476 0 0 32 32
477 0 0 32 32
478 0 0 32 32
479 0 0 32 32
480 0 0 32 32
481 0 0 32 32
482 0 0 32 32
483 0 0 32 32
484 0 0 32 32
485 0 0 32 32
486 0 0 32 32
487 0 0 32 32
488 0 0 32 32
489 0 0 32 32
490 0 0 32 32
491 0 0 32 32
492 0 0 32 32
493 0 0 32 32
494 0 0 32 32
495 0 0 32 32
496 0 0 32 32
497 0 0 32 32
498 0 0 32 32
499 0 0 32 32
500 0 0 32 32
501 0 0 32 32
502 0 0 32 32
503 0 0 32 32
504 0 0 32 32
505 0 0 32 32
506 0 0 32 32
507 0 0 32 32
508 0 0 32 32
509 0 0 32 32
510 0 0 32 32
511 0 0 32 32
512 0 0 32 32
513 0 0 32 32
514 0 0 32 32
515 0 0 32 32
516 0 0 32 32
517 0 0 32 32
518 0 0 32 32
519 0 0 32 32
520 0 0 32 32
521 0 0 32 32
522 0 0 32 32
523 0 0 32 32
524 0 0 32 32
525 0 0 32 32
526 0 0 32 32
527 0 0 32 32
528 0 0 32 32
529 0 0 32 32
530 0 0 32 32
531 0 0 32 32
532 0 0 32 32
533 0 0 32 32
534 0 0 32 32
535 0 0 32 32
536 0 0 32 32
537 0 0 32 32
538 0 0 32 32
539 0 0 32 32
540 0 0 32 32
541 0 0 32 32
542 0 0 32 32
543 0 0 32 32
544 0 0 32 32
545 0 0 32 32
546 0 0 32 32
547 0 0 32 32
548 0 0 32 32
549 0 0 32 32
550 0 0 32 32
551 0 0 32 32
552 0 0 32 32
553 0 0 32 32
554 0 0 32 32
555 0 0 32 32
556 0 0 32 32
557 0 0 32 32
558 0 0 32 32
559 0 0 32 32
560 0 0 32 32
561 0 0 32 32
562 0 0 32 32
563 0 0 32 32
564 0 0 32 32
565 0 0 32 32
566 0 0 32 32
567 0 0 32 32
568 0 0 32 32
569 0 0 32 32
570 0 0 32 32
571 0 0 32 32
572 0 0 32 32
573 0 0 32 32
574 0 0 32 32
575 0 0 32 32
576 0 0 32 32
577 0 0 32 32
578 0 0 32 32
579 0 0 32 32
580 0 0 32 32
581 0 0 32 32
582 0 0 32 32
583 0 0 32 32
584 0 0 32 32
585 0 0 32 32
586 0 0 32 32
587 0 0 32 32
588 0 0 32 32
589 0 0 32 32
590 0 0 32 32
591 0 0 32 32
592 0 0 32 32
593 0 0 32 32
594 0 0 32 32
595 0 0 32 32
596 0 0 32 32
597 0 0 32 32
598 0 0 32 32
599 0 0 32 32
600 0 0 32 32
601 0 0 32 32
602 0 0 32 32
603 0 0 32 32
604 0 0 32 32
605 0 0 32 32
606 0 0 32 32
607 0 0 32 32
608 0 0 32 32
609 0 0 32 32
610 0 0 32 32
611 0 0 32 32
612 0 0 32 32
613 0 0 32 32
614 0 0 32 32
615 0 0 32 32
616 0 0 32 32
617 0 0 32 32
618 0 0 32 32
619 0 0 32 32
620 0 0 32 32
621 0 0 32 32
622 0 0 32 32
623 0 0 32 32
624 0 0 32 32
625 0 0 32 32
626 0 0 32 32
627 0 0 32 32
628 0 0 32 32
629 0 0 32 32
630 0 0 32 32
631 0 0 32 32
632 0 0 32 32
633 0 0 32 32
634 0 0 32 32
635 0 0 32 32
636 0 0 32 32
637 0 0 32 32
638 0 0 32 32
639 0 0 32 32
640 0 0 32 32
641 0 0 32 32
642 0 0 32 32
643 0 0 32 32
644 0 0 32 32
645 0 0 32 32
646 0 0 32 32
647 0 0 32 32
648 0 0 32 32
649 0 0 32 32
650 0 0 32 32
651 0 0 32 32
652 0 0 32 32
653 0 0 32 32
654 0 0 32 32
655 0 0 32 32
656 0 0 32 32
657 0 0 32 32
658 0 0 32 32
659 0 0 32 32
660 0 0 32 32
661 0 0 32 32
662 0 0 32 32
663 0 0 32 32
664 0 0 32 32
665 0 0 32 32
666 0 0 32 32
667 0 0 32 32
668 0 0 32 32
669 0 0 32 32
670 0 0 32 32
671 0 0 32 32
672 0 0 32 32
673 0 0 32 32
674 0 0 32 32
675 0 0 32 32
676 0 0 32 32
677 0 0 32 32
678 0 0 32 32
679 0 0 32 32
680 0 0 32 32
681 0 0 32 32
682 0 0 32 32
683 0 0 32 32
684 0 0 32 32
685 0 0 32 32
686 0 0 32 32
687 0 0 32 32
688 0 0 32 32
689 0 0 32 32
690 0 0 32 32
691 0 0 32 32
692 0 0 32 32
693 0 0 32 32
694 0 0 32 32
695 0 0 32 32
696 0 0 32 32
697 0 0 32 32
698 0 0 32 32
699 0 0 32 32
700 0 0 32 32
701 0 0 32 32
702 0 0 32 32
703 0 0 32 32
704 0 0 32 32
705 0 0 32 32
706 0 0 32 32
707 0 0 32 32
708 0 0 32 32
709 0 0 32 32
710 0 0 32 32
711 0 0 32 32
712 0 0 32 32
713 0 0 32 32
714 0 0 32 32
715 0 0 32 32
716 0 0 32 32
717 0 0 32 32
718 0 0 32 32
719 0 0 32 32
720 0 0 32 32
721 0 0 32 32
722 0 0 32 32
723 0 0 32 32
724 0 0 32 32
725 0 0 32 32
726 0 0 32 32
727 0 0 32 32
728 0 0 32 32
729 0 0 32 32
730 0 0 32 32
731 0 0 32 32
732 0 0 32 32
733 0 0 32 32
734 0 0 32 32
735 0 0 32 32
736 0 0 32 32
737 0 0 32 32
738 0 0 32 32
739 0 0 32 32
740 0 0 32 32
741 0 0 32 32
742 0 0 32 32
743 0 0 32 32
744 0 0 32 32
745 0 0 32 32
746 0 0 32 32
747 0 0 32 32
748 0 0 32 32
749 0 0 32 32
750 0 0 32 32
751 0 0 32 32
752 0 0 32 32
753 0 0 32 32
754 0 0 32 32
755 0 0 32 32
756 0 0 32 32
757 0 0 32 32
758 0 0 32 32
759 0 0 32 32
760 0 0 32 32
761 0 0 32 32
762 0 0 32 32
763 0 0 32 32
764 0 0 32 32
765 0 0 32 32
766 0 0 32 32
767 0 0 32 32
768 0 0 32 32
769 0 0 32 32
770 0 0 32 32
771 0 0 32 32
772 0 0 32 32
773 0 0 32 32
774 0 0 32 32
775 0 0 32 32
776 0 0 32 32
777 0 0 32 32
778 0 0 32 32
779 0 0 32 32
780 0 0 32 32
781 0 0 32 32
782 0 0 32 32
783 0 0 32 32
784 0 0 32 32
785 0 0 32 32
786 0 0 32 32
787 0 0 32 32
788 0 0 32 32
789 0 0 32 32
790 0 0 32 32
791 0 0 32 32
792 0 0 32 32
793 0 0 32 32
794 0 0 32 32
795 0 0 32 32
796 0 0 32 32
797 0 0 32 32
798 0 0 32 32
799 0 0 32 32
800 0 0 32 32
801 0 0 32 32
802 0 0 32 32
803 0 0 32 32
804 0 0 32 32
805 0 0 32 32
806 0 0 32 32
807 0 0 32 32
808 0 0 32 32
809 0 0 32 32
810 0 0 32 32
811 0 0 32 32
812 0 0 32 32
813 0 0 32 32
814 0 0 32 32
815 0 0 32 32
816 0 0 32 32
817 0 0 32 32
818 0 0 32 32
819 0 0 32 32
820 0 0 32 32
821 0 0 32 32
822 0 0 32 32
823 0 0 32 32
824 0 0 32 32
825 0 0 32 32
826 0 0 32 32
827 0 0 32 32
828 0 0 32 32
829 0 0 32 32
830 0 0 32 32
831 0 0 32 32
832 0 0 32 32
833 0 0 32 32
834 0 0 32 32
835 0 0 32 32
836 0 0 32 32
837 0 0 32 32
838 0 0 32 32
839 0 0 32 32
840 0 0 32 32
841 0 0 32 32
842 0 0 32 32
843 0 0 32 32
844 0 0 32 32
845 0 0 32 32
846 0 0 32 32
847 0 0 32 32
848 0 0 32 32
849 0 0 32 32
850 0 0 32 32
851 0 0 32 32
852 0 0 32 32
853 0 0 32 32
854 0 0 32 32
855 0 0 32 32
856 0 0 32 32
857 0 0 32 32
858 0 0 32 32
859 0 0 32 32
860 0 0 32 32
861 0 0 32 32
862 0 0 32 32
863 0 0 32 32
864 0 0 32 32
865 0 0 32 32
866 0 0 32 32
867 0 0 32 32
868 0 0 32 32
869 0 0 32 32
870 0 0 32 32
871 0 0 32 32
872 0 0 32 32
873 0 0 32 32
874 0 0 32 32
875 0 0 32 32
876 0 0 32 32
877 0 0 32 32
878 0 0 32 32
879 0 0 32 32
880 0 0 32 32
881 0 0 32 32
882 0 0 32 32
883 0 0 32 32
884 0 0 32 32
885 0 0 32 32
886 0 0 32 32
887 0 0 32 32
888 0 0 32 32
889 0 0 32 32
890 0 0 32 32
891 0 0 32 32
892 0 0 32 32
893 0 0 32 32
894 0 0 32 32
895 0 0 32 32
896 0 0 32 32
897 0 0 32 32
898 0 0 32 32
899 0 0 32 32
900 0 0 32 32
901 0 0 32 32
902 0 0 32 32
903 0 0 32 32
904 0 0 32 32
905 0 0 32 32
906 0 0 32 32
907 0 0 32 32
908 0 0 32 32
909 0 0 32 32
910 0 0 32 32
911 0 0 32 32
912 0 0 32 32
913 0 0 32 32
914 0 0 32 32
915 0 0 32 32
916 0 0 32 32
917 0 0 32 32
918 0 0 32 32
919 0 0 32 32
920 0 0 32 32
921 0 0 32 32
922 0 0 32 32
923 0 0 32 32
924 0 0 32 32
925 0 0 32 32
926 0 0 32 32
927 0 0 32 32
928 0 0 32 32
929 0 0 32 32
930 0 0 32 32
931 0 0 32 32
932 0 0 32 32
933 0 0 32 32
934 0 0 32 32
935 0 0 32 32
936 0 0 32 32
937 0 0 32 32
938 0 0 32 32
939 0 0 32 32
940 0 0 32 32
941 0 0 32 32
942 0 0 32 32
943 0 0 32 32
944 0 0 32 32
945 0 0 32 32
946 0 0 32 32
947 0 0 32 32
948 0 0 32 32
949 0 0 32 32
950 0 0 32 32
951 0 0 32 32
952 0 0 32 32
953 0 0 32 32
954 0 0 32 32
955 0 0 32 32
956 0 0 32 32
957 0 0 32 32
958 0 0 32 32
959 0 0 32 32
960 0 0 32 32
961 0 0 32 32
962 0 0 32 32
963 0 0 32 32
964 0 0 32 32
965 0 0 32 32
966 0 0 32 32
967 0 0 32 32
968 0 0 32 32
969 0 0 32 32
970 0 0 32 32
971 0 0 32 32
972 0 0 32 32
973 0 0 32 32
974 0 0 32 32
975 0 0 32 32
976 0 0 32 32
977 0 0 32 32
978 0 0 32 32
979 0 0 32 32
980 0 0 32 32
981 0 0 32 32
982 0 0 32 32
983 0 0 32 32
984 0 0 32 32
985 0 0 32 32
986 0 0 32 32
987 0 0 32 32
988 0 0 32 32
989 0 0 32 32
990 0 0 32 32
991 0 0 32 32
992 0 0 32 32
993 0 0 32 32
994 0 0 32 32
995 0 0 32 32
996 0 0 32 32
997 0 0 32 32
998 0 0 32 32
999 0 0 32 32
1000 0 0 32 32
1001 0 0 32 32
1002 0 0 32 32
1003 0 0 32 32
1004 0 0 32 32
1005 0 0 32 32
1006 0 0 32 32
1007 0 0 32 32
1008 0 0 32 32
1009 0 0 32 32
1010 0 0 32 32
1011 0 0 32 32
1012 0 0 32 32
1013 0 0 32 32
1014 0 0 32 32
1015 0 0 32 32
1016 0 0 32 32
1017 0 0 32 32
1018 0 0 32 32
1019 0 0 32 32
1020 0 0 32 32
1021 0 0 32 32
1022 0 0 32 32
1023 0 0 32 32
1024 0 0 32 32
1025 0 0 32 32
1026 0 0 32 32
1027 0 0 32 32
1028 0 0 32 32
1029 0 0 32 32
1030 0 0 32 32
1031 0 0 32 32
1032 0 0 32 32
1033 0 0 32 32
1034 0 0 32 32
1035 0 0 32 32
1036 0 0 32 32
1037 0 0 32 32
1038 0 0 32 32
1039 0 0 32 32
1040 0 0 32 32
1041 0 0 32 32
1042 0 0 32 32
1043 0 0 32 32
1044 0 0 32 32
1045 0 0 32 32
1046 0 0 32 32
1047 0 0 32 32
1048 0 0 32 32
1049 0 0 32 32
1050 0 0 32 32
1051 0 0 32 32
1052 0 0 32 32
1053 0 0 32 32
1054 0 0 32 32
1055 0 0 32 32
1056 0 0 32 32
1057 0 0 32 32
1058 0 0 32 32
1059 0 0 32 32
1060 0 0 32 32
1061 0 0 32 32
1062 0 0 32 32
1063 0 0 32 32
1064 0 0 32 32
1065 0 0 32 32
1066 0 0 32 32
1067 0 0 32 32
1068 0 0 32 32
1069 0 0 32 32
1070 0 0 32 32
1071 0 0 32 32
1072 0 0 32 32
1073 0 0 32 32
1074 0 0 32 32
1075 0 0 32 32
1076 0 0 32 32
1077 0 0 32 32
1078 0 0 32 32
1079 0 0 32 32
1080 0 0 32 32
1081 0 0 32 32
1082 0 0 32 32
1083 0 0 32 32
1084 0 0 32 32
1085 0 0 32 32
1086 0 0 32 32
1087 0 0 32 32
1088 0 0 32 32
1089 0 0 32 32
1090 0 0 32 32
1091 0 0 32 32
1092 0 0 32 32
1093 0 0 32 32
1094 0 0 32 32
1095 0 0 32 32
1096 0 0 32 32
1097 0 0 32 32
1098 0 0 32 32
1099 0 0 32 32
1100 0 0 32 32
1101 0 0 32 32
1102 0 0 32 32
1103 0 0 32 32
1104 0 0 32 32
1105 0 0 32 32
1106 0 0 32 32
1107 0 0 32 32
1108 0 0 32 32
1109 0 0 32 32
1110 0 0 32 32
1111 0 0 32 32
1112 0 0 32 32
1113 0 0 32 32
1114 0 0 32 32
1115 0 0 32 32
1116 0 0 32 32
1117 0 0 32 32
1118 0 0 32 32
1119 0 0 32 32
1120 0 0 32 32
1121 0 0 32 32
1122 0 0 32 32
1123 0 0 32 32
1124 0 0 32 32
1125 0 0 32 32
1126 0 0 32 32
1127 0 0 32 32
1128 0 0 32 32
1129 0 0 32 32
1130 0 0 32 32
1131 0 0 32 32
1132 0 0 32 32
1133 0 0 32 32
1134 0 0 32 32
1135 0 0 32 32
1136 0 0 32 32
1137 0 0 32 32
1138 0 0 32 32
1139 0 0 32 32
1140 0 0 32 32
1141 0 0 32 32
1142 0 0 32 32
1143 0 0 32 32
1144 0 0 32 32
1145 0 0 32 32
1146 0 0 32 32
1147 0 0 32 32
1148 0 0 32 32
1149 0 0 32 32
1150 0 0 32 32
1151 0 0 32 32
1152 0 0 32 32
1153 0 0 32 32
1154 0 0 32 32
1155 0 0 32 32
1156 0 0 32 32
1157 0 0 32 32
1158 0 0 32 32
1159 0 0 32 32
1160 0 0 32 32
1161 0 0 32 32
1162 0 0 32 32
1163 0 0 32 32
1164 0 0 32 32
1165 0 0 32 32
1166 0 0 32 32
1167 0 0 32 32
1168 0 0 32 32
1169 0 0 32 32
1170 0 0 32 32
1171 0 0 32 32
1172 0 0 32 32
1173 0 0 32 32
1174 0 0 32 32
1175 0 0 32 32
1176 0 0 32 32
1177 0 0 32 32
1178 0 0 32 32
1179 0 0 32 32
1180 0 0 32 32
1181 0 0 32 32
1182 0 0 32 32
1183 0 0 32 32
1184 0 0 32 32
1185 0 0 32 32
1186 0 0 32 32
1187 0 0 32 32
1188 0 0 32 32
1189 0 0 32 32
1190 0 0 32 32
1191 0 0 32 32
1192 0 0 32 32
1193 0 0 32 32
1194 0 0 32 32
1195 0 0 32 32
1196 0 0 32 32
1197 0 0 32 32
1198 0 0 32 32
1199 0 0 32 32
1200 0 0 32 32
1201 0 0 32 32
1202 0 0 32 32
1203 0 0 32 32
1204 0 0 32 32
1205 0 0 32 32
1206 0 0 32 32
1207 0 0 32 32
1208 0 0 32 32
1209 0 0 32 32
1210 0 0 32 32
1211 0 0 32 32
1212 0 0 32 32
1213 0 0 32 32
1214 0 0 32 32
1215 0 0 32 32
1216 0 0 32 32
1217 0 0 32 32
1218 0 0 32 32
1219 0 0 32 32
1220 0 0 32 32
1221 0 0 32 32
1222 0 0 32 32
1223 0 0 32 32
1224 0 0 32 32
1225 0 0 32 32
1226 0 0 32 32
1227 0 0 32 32
1228 0 0 32 32
1229 0 0 32 32
1230 0 0 32 32
1231 0 0 32 32
1232 0 0 32 32
1233 0 0 32 32
1234 -15 -15 32 32
1235 -28 -28 32 32
1236 -41 -41 32 32
1237 -52 -52 32 32
1238 -63 -63 32 32
1239 -73 -73 32 32
1240 -82 -82 32 32
1241 -90 -90 32 32
1242 -97 -97 32 32
1243 -103 -103 32 32
1244 -109 -109 32 32
1245 -114 -114 32 32
1246 -118 -118 32 32
1247 -121 -121 32 32
1248 -123 -123 32 32
1249 -124 -124 32 32
1250 -125 -125 32 32
1251 -125 -125 32 32
1252 -124 -124 32 32
1253 -122 -122 32 32
1254 -121 -121 32 32
1255 -118 -118 32 32
1256 -116 -116 32 32
1257 -113 -113 32 32
1258 -110 -110 32 32
1259 -108 -108 32 32
1260 -105 -105 32 32
1261 -103 -103 32 32
1262 -101 -101 32 32
1263 -100 -100 32 32
1264 -99 -99 32 32
1265 -99 -99 32 32
1266 -100 -100 32 32
1267 -101 -101 32 32
1268 -104 -104 32 32
1269 -107 -107 32 32
1270 -111 -111 32 32
1271 -116 -116 32 32
1272 -121 -121 32 32
1273 -127 -127 32 32
1274 -133 -133 32 32
1275 -139 -139 32 32
1276 -145 -145 32 32
1277 -150 -150 32 32
1278 -156 -156 32 32
1279 -160 -160 32 32
1280 -163 -163 32 32
1281 -164 -164 32 32
1282 -163 -163 32 32
1283 -161 -161 32 32
1284 -156 -156 32 32
1285 -149 -149 32 32
1286 -139 -139 32 32
1287 -126 -126 32 32
1288 -111 -111 32 32
1289 -93 -93 32 32
1290 -73 -73 32 32
1291 -50 -50 32 32
1292 -25 -25 32 32
1293 1 1 32 32
1294 29 29 32 32
1295 57 57 32 32
1296 86 86 32 32
1297 114 114 32 32
1298 141 141 32 32
1299 167 167 32 32
1300 192 192 32 32
1301 213 213 32 32
1302 233 233 32 32
1303 250 250 32 32
1304 264 264 32 32
1305 275 275 32 32
1306 284 284 32 32
1307 291 291 32 32
1308 296 296 32 32
1309 300 300 32 32
1310 303 303 32 32
1311 306 306 32 32
1312 310 310 32 32
1313 315 315 32 32
1314 324 324 32 32
1315 334 334 32 32
1316 348 348 32 32
1317 366 366 32 32
1318 387 387 32 32
1319 412 412 32 32
1320 441 441 32 32
1321 473 473 32 32
1322 508 508 32 32
1323 544 544 32 32
1324 582 582 32 32
1325 620 620 32 32
1326 657 657 32 32
1327 693 693 32 32
1328 727 727 32 32
1329 759 759 32 32
1330 787 787 32 32
1331 813 813 32 32
1332 836 836 32 32
1333 855 855 32 32
1334 873 873 32 32
1335 890 890 32 32
1336 905 905 32 32
1337 922 922 32 32
1338 939 939 32 32
1339 958 958 32 32
1340 979 979 32 32
1341 1004 1004 32 32
1342 1032 1032 32 32
1343 1064 1064 32 32
1344 1099 1099 32 32
1345 1137 1137 32 32
1346 1177 1177 32 32
1347 1218 1218 32 32
1348 1260 1260 32 32
1349 1301 1301 32 32
1350 1342 1342 32 32
1351 1381 1381 32 32
1352 1417 1417 32 32
1353 1451 1451 32 32
1354 1483 1483 32 32
1355 1513 1513 32 32
1356 1541 1541 32 32
1357 1568 1568 32 32
1358 1595 1595 32 32
1359 1622 1622 32 32
1360 1650 1650 32 32
1361 1678 1678 32 32
1362 1708 1708 32 32
1363 1741 1741 32 32
1364 1776 1776 32 32
1365 1814 1814 32 32
1366 1855 1855 32 32
1367 1899 1899 32 32
1368 1944 1944 32 32
1369 1990 1990 32 32
1370 2037 2037 32 32
1371 2084 2084 32 32
1372 2131 2131 32 32
1373 2176 2176 32 32
1374 2219 2219 32 32
1375 2260 2260 32 32
1376 2300 2300 32 32
1377 2339 2339 32 32
1378 2376 2376 32 32
1379 2413 2413 32 32
1380 2450 2450 32 32
1381 2487 2487 32 32
1382 2525 2525 32 32
1383 2566 2566 32 32
1384 2608 2608 32 32
1385 2652 2652 32 32
1386 2699 2699 32 32
1387 2747 2747 32 32
1388 2796 2796 32 32
1389 2847 2847 32 32
1390 2898 2898 32 32
1391 2948 2948 32 32
1392 2999 2999 32 32
1393 3047 3047 32 32
1394 3096 3096 32 32
1395 3143 3143 32 32
1396 3189 3189 32 32
1397 3234 3234 32 32
1398 3280 3280 32 32
1399 3325 3325 32 32
1400 3372 3372 32 32
1401 3419 3419 32 32
1402 3468 3468 32 32
1403 3517 3517 32 32
1404 3569 3569 32 32
1405 3622 3622 32 32
1406 3676 3676 32 32
1407 3731 3731 32 32
1408 3785 3785 32 32
1409 3840 3840 32 32
1410 3894 3894 32 32
1411 3948 3948 32 32
1412 4001 4001 32 32
1413 4054 4054 32 32
1414 4106 4106 32 32
1415 4159 4159 32 32
1416 4212 4212 32 32
1417 4265 4265 32 32
1418 4319 4319 32 32
1419 4374 4374 32 32
1420 4430 4430 32 32
1421 4487 4487 32 32
1422 4545 4545 32 32
1423 4603 4603 32 32
1424 4662 4662 32 32
1425 4721 4721 32 32
1426 4780 4780 32 32
1427 4838 4838 32 32
1428 4897 4897 32 32
1429 4955 4955 32 32
1430 5013 5013 32 32
1431 5071 5071 32 32
1432 5129 5129 32 32
1433 5186 5186 32 32
1434 5242 5242 32 32
1435 5296 5296 32 32
1436 5349 5349 32 32
1437 5401 5401 32 32
1438 5455 5455 32 32
1439 5513 5513 32 32
1440 5574 5574 32 32
1441 5638 5638 32 32
1442 5705 5705 32 32
1443 5776 5776 32 32
1444 5847 5847 32 32
1445 5921 5921 32 32
1446 5994 5994 32 32
1447 6067 6067 32 32
1448 6139 6139 32 32
1449 6209 6209 32 32
1450 6277 6277 32 32
1451 6344 6344 32 32
1452 6409 6409 32 32
1453 6473 6473 32 32
1454 6537 6537 32 32
1455 6600 6600 32 32
1456 6665 6665 32 32
1457 6730 6730 32 32
1458 6797 6797 32 32
1459 6865 6865 32 32
1460 6936 6936 32 32
1461 7008 7008 32 32
1462 7082 7082 32 32
1463 7158 7158 32 32
1464 7234 7234 32 32
1465 7311 7311 32 32
1466 7387 7387 32 32
1467 7463 7463 32 32
1468 7539 7539 32 32
1469 7615 7615 32 32
1470 7689 7689 32 32
1471 7763 7763 32 32
1472 7835 7835 32 32
1473 7908 7908 32 32
1474 7948 7948 32 32
1475 7987 7987 32 32
1476 8027 8027 32 32
1477 8068 8068 32 32
1478 8110 8110 32 32
1479 8152 8152 32 32
1480 8195 8195 32 32
1481 8238 8238 32 32
1482 8283 8283 32 32
1483 8328 8328 32 32
1484 8372 8372 32 32
1485 8417 8417 32 32
1486 8461 8461 32 32
1487 8504 8504 32 32
1488 8547 8547 32 32
1489 8590 8590 32 32
1490 8632 8632 32 32
1491 8673 8673 32 32
1492 8715 8715 32 32
1493 8756 8756 32 32
1494 8797 8797 32 32
1495 8839 8839 32 32
1496 8880 8880 32 32
1497 8922 8922 32 32
1498 8965 8965 32 32
1499 9007 9007 32 32
1500 9050 9050 32 32
1501 9093 9093 32 32
1502 9137 9137 32 32
1503 9180 9180 32 32
1504 9223 9223 32 32
1505 9265 9265 32 32
1506 9306 9306 32 32
1507 9344 9344 32 32
1508 9381 9381 32 32
1509 9416 9416 32 32
1510 9448 9448 32 32
1511 9478 9478 32 32
1512 9506 9506 32 32
1513 9533 9533 32 32
1514 9563 9563 32 32
1515 9596 9596 32 32
1516 9632 9632 32 32
1517 9670 9670 32 32
1518 9713 9713 32 32
1519 9758 9758 32 32
1520 9805 9805 32 32
1521 9855 9855 32 32
1522 9907 9907 32 32
1523 9959 9959 32 32
1524 10013 10013 32 32
1525 10065 10065 32 32
1526 10118 10118 32 32
1527 10169 10169 32 32
1528 10219 10219 32 32
1529 10267 10267 32 32
1530 10313 10313 32 32
1531 10357 10357 32 32
1532 10400 10400 32 32
1533 10439 10439 32 32
1534 10478 10478 32 32
1535 10514 10514 32 32
1536 10550 10550 32 32
1537 10586 10586 32 32
1538 10620 10620 32 32
1539 10655 10655 32 32
1540 10691 10691 32 32
1541 10728 10728 32 32
1542 10765 10765 32 32
1543 10804 10804 32 32
1544 10844 10844 32 32
1545 10887 10887 32 32
1546 10930 10930 32 32
1547 10974 10974 32 32
1548 11020 11020 32 32
1549 11067 11067 32 32
1550 11114 11114 32 32
1551 11163 11163 32 32
1552 11210 11210 32 32
1553 11257 11257 32 32
1554 11305 11305 32 32
1555 11351 11351 32 32
1556 11396 11396 32 32
1557 11439 11439 32 32
1558 11481 11481 32 32
1559 11522 11522 32 32
1560 11560 11560 32 32
1561 11544 11544 32 32
1562 11275 11275 32 32
1563 10364 10364 32 32
1564 8461 8461 32 32
1565 5734 5734 32 32
1566 2777 2777 32 32
1567 189 189 32 32
1568 -1720 -1720 32 32
1569 -2814 -2814 32 32
1570 -2997 -2997 32 32
1571 -2322 -2322 32 32
1572 -1077 -1077 32 32
1573 410 410 32 32
1574 1848 1848 32 32
1575 3061 3061 32 32
1576 3965 3965 32 32
1577 4470 4470 32 32
1578 4494 4494 32 32
1579 4037 4037 32 32
1580 3186 3186 32 32
1581 2185 2185 32 32
1582 1312 1312 32 32
1583 744 744 32 32
1584 571 571 32 32
1585 776 776 32 32
1586 1264 1264 32 32
1587 1901 1901 32 32
1588 2545 2545 32 32
1589 3091 3091 32 32
1590 3488 3488 32 32
1591 3690 3690 32 32
1592 3692 3692 32 32
1593 3373 3373 32 32
1594 2538 2538 32 32
1595 1256 1256 32 32
1596 -279 -279 32 32
1597 -1827 -1827 32 32
1598 -3260 -3260 32 32
1599 -4524 -4524 32 32
1600 -5593 -5593 32 32
1601 -6466 -6466 32 32
1602 -7136 -7136 32 32
1603 -7566 -7566 32 32
1604 -7660 -7660 32 32
1605 -7356 -7356 32 32
1606 -6586 -6586 32 32
1607 -5489 -5489 32 32
1608 -4341 -4341 32 32
1609 -3393 -3393 32 32
1610 -2823 -2823 32 32
1611 -2688 -2688 32 32
1612 -2903 -2903 32 32
1613 -3332 -3332 32 32
1614 -3888 -3888 32 32
1615 -4479 -4479 32 32
1616 -5019 -5019 32 32
1617 -5439 -5439 32 32
1618 -5674 -5674 32 32
1619 -5682 -5682 32 32
1620 -5465 -5465 32 32
1621 -5081 -5081 32 32
1622 -4708 -4708 32 32
1623 -4557 -4557 32 32
1624 -4707 -4707 32 32
1625 -5115 -5115 32 32
1626 -5676 -5676 32 32
1627 -6289 -6289 32 32
1628 -6933 -6933 32 32
1629 -7607 -7607 32 32
1630 -8252 -8252 32 32
1631 -8841 -8841 32 32
1632 -9373 -9373 32 32
1633 -9855 -9855 32 32
1634 -10308 -10308 32 32
1635 -10723 -10723 32 32
1636 -11085 -11085 32 32
1637 -11373 -11373 32 32
1638 -11562 -11562 32 32
1639 -11630 -11630 32 32
1640 -11555 -11555 32 32
1641 -11320 -11320 32 32
1642 -10914 -10914 32 32
1643 -10322 -10322 32 32
1644 -9606 -9606 32 32
1645 -8885 -8885 32 32
1646 -8283 -8283 32 32
1647 -7847 -7847 32 32
1648 -7588 -7588 32 32
1649 -7500 -7500 32 32
1650 -7563 -7563 32 32
1651 -7747 -7747 32 32
1652 -8010 -8010 32 32
1653 -8317 -8317 32 32
1654 -8639 -8639 32 32
1655 -8935 -8935 32 32
1656 -9194 -9194 32 32
1657 -9411 -9411 32 32
1658 -9577 -9577 32 32
1659 -9693 -9693 32 32
1660 -9746 -9746 32 32
1661 -9717 -9717 32 32
1662 -9579 -9579 32 32
1663 -9332 -9332 32 32
1664 -9019 -9019 32 32
1665 -8681 -8681 32 32
1666 -8350 -8350 32 32
1667 -8057 -8057 32 32
1668 -7822 -7822 32 32
1669 -7662 -7662 32 32
1670 -7584 -7584 32 32
1671 -7583 -7583 32 32
1672 -7649 -7649 32 32
1673 -7768 -7768 32 32
1674 -7918 -7918 32 32
1675 -8079 -8079 32 32
1676 -8231 -8231 32 32
1677 -8354 -8354 32 32
1678 -8433 -8433 32 32
1679 -8461 -8461 32 32
1680 -8432 -8432 32 32
1681 -8350 -8350 32 32
1682 -8220 -8220 32 32
1683 -8057 -8057 32 32
1684 -7874 -7874 32 32
1685 -7687 -7687 32 32
1686 -7512 -7512 32 32
1687 -7360 -7360 32 32
1688 -7242 -7242 32 32
1689 -7163 -7163 32 32
1690 -7123 -7123 32 32
1691 -7120 -7120 32 32
1692 -7148 -7148 32 32
1693 -7195 -7195 32 32
1694 -7253 -7253 32 32
1695 -7312 -7312 32 32
1696 -7359 -7359 32 32
1697 -7386 -7386 32 32
1698 -7389 -7389 32 32
1699 -7364 -7364 32 32
1700 -7310 -7310 32 32
1701 -7230 -7230 32 32
1702 -7128 -7128 32 32
1703 -7011 -7011 32 32
1704 -6887 -6887 32 32
1705 -6768 -6768 32 32
1706 -6662 -6662 32 32
1707 -6576 -6576 32 32
1708 -6514 -6514 32 32
1709 -6474 -6474 32 32
1710 -6455 -6455 32 32
1711 -6454 -6454 32 32
1712 -6462 -6462 32 32
1713 -6477 -6477 32 32
1714 -6490 -6490 32 32
1715 -6495 -6495 32 32
1716 -6487 -6487 32 32
1717 -6461 -6461 32 32
1718 -6408 -6408 32 32
1719 -6327 -6327 32 32
1720 -6229 -6229 32 32
1721 -6128 -6128 32 32
1722 -6036 -6036 32 32
1723 -5958 -5958 32 32
1724 -5898 -5898 32 32
1725 -5859 -5859 32 32
1726 -5837 -5837 32 32
1727 -5827 -5827 32 32
1728 -5824 -5824 32 32
1729 -5819 -5819 32 32
1730 -5807 -5807 32 32
1731 -5783 -5783 32 32
1732 -5746 -5746 32 32
1733 -5695 -5695 32 32
1734 -5634 -5634 32 32
1735 -5566 -5566 32 32
1736 -5496 -5496 32 32
1737 -5429 -5429 32 32
1738 -5369 -5369 32 32
1739 -5318 -5318 32 32
1740 -5276 -5276 32 32
1741 -5242 -5242 32 32
1742 -5214 -5214 32 32
1743 -5190 -5190 32 32
1744 -5166 -5166 32 32
1745 -5138 -5138 32 32
1746 -5105 -5105 32 32
1747 -5066 -5066 32 32
1748 -5020 -5020 32 32
1749 -4969 -4969 32 32
1750 -4915 -4915 32 32
1751 -4859 -4859 32 32
1752 -4805 -4805 32 32
1753 -4754 -4754 32 32
1754 -4706 -4706 32 32
1755 -4664 -4664 32 32
1756 -4624 -4624 32 32
1757 -4589 -4589 32 32
1758 -4555 -4555 32 32
1759 -4521 -4521 32 32
1760 -4486 -4486 32 32
1761 -4449 -4449 32 32
1762 -4408 -4408 32 32
1763 -4364 -4364 32 32
1764 -4318 -4318 32 32
1765 -4270 -4270 32 32
1766 -4221 -4221 32 32
1767 -4173 -4173 32 32
1768 -4126 -4126 32 32
1769 -4081 -4081 32 32
1770 -4038 -4038 32 32
1771 -3997 -3997 32 32
1772 -3957 -3957 32 32
1773 -3919 -3919 32 32
1774 -3881 -3881 32 32
1775 -3842 -3842 32 32
1776 -3802 -3802 32 32
1777 -3760 -3760 32 32
1778 -3717 -3717 32 32
1779 -3673 -3673 32 32
1780 -3628 -3628 32 32
1781 -3583 -3583 32 32
1782 -3537 -3537 32 32
1783 -3493 -3493 32 32
1784 -3448 -3448 32 32
1785 -3406 -3406 32 32
1786 -3363 -3363 32 32
1787 -3321 -3321 32 32
1788 -3278 -3278 32 32
1789 -3234 -3234 32 32
1790 -3187 -3187 32 32
1791 -3139 -3139 32 32
1792 -3093 -3093 32 32
1793 -3049 -3049 32 32
1794 -3007 -3007 32 32
1795 -2968 -2968 32 32
1796 -2929 -2929 32 32
1797 -2890 -2890 32 32
1798 -2850 -2850 32 32
1799 -2809 -2809 32 32
1800 -2767 -2767 32 32
1801 -2724 -2724 32 32
1802 -2679 -2679 32 32
1803 -2634 -2634 32 32
1804 -2589 -2589 32 32
1805 -2545 -2545 32 32
1806 -2501 -2501 32 32
1807 -2459 -2459 32 32
1808 -2418 -2418 32 32
1809 -2377 -2377 32 32
1810 -2337 -2337 32 32
1811 -2295 -2295 32 32
1812 -2253 -2253 32 32
1813 -2211 -2211 32 32
1814 -2168 -2168 32 32
1815 -2125 -2125 32 32
1816 -2081 -2081 32 32
1817 -2038 -2038 32 32
1818 -1994 -1994 32 32
1819 -1951 -1951 32 32
1820 -1909 -1909 32 32
1821 -1866 -1866 32 32
1822 -1825 -1825 32 32
1823 -1783 -1783 32 32
1824 -1741 -1741 32 32
1825 -1700 -1700 32 32
1826 -1657 -1657 32 32
1827 -1615 -1615 32 32
1828 -1571 -1571 32 32
1829 -1529 -1529 32 32
1830 -1486 -1486 32 32
1831 -1442 -1442 32 32
1832 -1400 -1400 32 32
1833 -1357 -1357 32 32
1834 -1315 -1315 32 32
1835 -1273 -1273 32 32
1836 -1231 -1231 32 32
1837 -1189 -1189 32 32
1838 -1147 -1147 32 32
1839 -1104 -1104 32 32
1840 -1062 -1062 32 32
1841 -1019 -1019 32 32
1842 -977 -977 32 32
1843 -934 -934 32 32
1844 -891 -891 32 32
1845 -848 -848 32 32
1846 -806 -806 32 32
1847 -763 -763 32 32
1848 -721 -721 32 32
1849 -679 -679 32 32
1850 -637 -637 32 32
1851 -595 -595 32 32
1852 -552 -552 32 32
1853 -509 -509 32 32
1854 -467 -467 32 32
1855 -425 -425 32 32
1856 -382 -382 32 32
1857 -339 -339 32 32
1858 -297 -297 32 32
1859 -254 -254 32 32
1860 -212 -212 32 32
1861 -169 -169 32 32
1862 -127 -127 32 32
1863 -85 -85 32 32
1864 -43 -43 32 32
1865 0 0 32 32
1866 42 42 32 32
1867 85 85 32 32
1868 127 127 32 32
1869 170 170 32 32
1870 213 213 32 32
1871 255 255 32 32
1872 297 297 32 32
1873 339 339 32 32
1874 382 382 32 32
1875 424 424 32 32
1876 466 466 32 32
1877 508 508 32 32
1878 551 551 32 32
1879 593 593 32 32
1880 636 636 32 32
1881 679 679 32 32
1882 721 721 32 32
1883 763 763 32 32
1884 806 806 32 32
1885 848 848 32 32
1886 891 891 32 32
1887 933 933 32 32
1888 976 976 32 32
1889 1018 1018 32 32
1890 1060 1060 32 32
1891 1102 1102 32 32
1892 1145 1145 32 32
1893 1187 1187 32 32
1894 1229 1229 32 32
1895 1272 1272 32 32
1896 1314 1314 32 32
1897 1357 1357 32 32
1898 1399 1399 32 32
1899 1442 1442 32 32
1900 1484 1484 32 32
1901 1526 1526 32 32
1902 1568 1568 32 32
1903 1611 1611 32 32
1904 1653 1653 32 32
1905 1695 1695 32 32
1906 1737 1737 32 32
1907 1780 1780 32 32
1908 1822 1822 32 32
1909 1865 1865 32 32
1910 1907 1907 32 32
1911 1949 1949 32 32
1912 1992 1992 32 32
1913 2035 2035 32 32
1914 2077 2077 32 32
1915 2119 2119 32 32
1916 2161 2161 32 32
1917 2204 2204 32 32
1918 2246 2246 32 32
1919 2288 2288 32 32
1920 2331 2331 32 32
1921 2373 2373 32 32
1922 2416 2416 32 32
1923 2458 2458 32 32
1924 2501 2501 32 32
1925 2543 2543 32 32
1926 2585 2585 32 32
1927 2628 2628 32 32
1928 2669 2669 32 32
1929 2712 2712 32 32
1930 2754 2754 32 32
1931 2796 2796 32 32
1932 2839 2839 32 32
1933 2881 2881 32 32
1934 2923 2923 32 32
1935 2965 2965 32 32
1936 3006 3006 32 32
1937 3047 3047 32 32
1938 3085 3085 32 32
1939 3121 3121 32 32
1940 3158 3158 32 32
1941 3195 3195 32 32
1942 3236 3236 32 32
1943 3279 3279 32 32
1944 3324 3324 32 32
1945 3370 3370 32 32
1946 3417 3417 32 32
1947 3463 3463 32 32
1948 3509 3509 32 32
1949 3553 3553 32 32
1950 3596 3596 32 32
1951 3638 3638 32 32
1952 3678 3678 32 32
1953 3717 3717 32 32
1954 3757 3757 32 32
1955 3796 3796 32 32
1956 3836 3836 32 32
1957 3878 3878 32 32
1958 3920 3920 32 32
1959 3963 3963 32 32
1960 4007 4007 32 32
1961 4051 4051 32 32
1962 4096 4096 32 32
1963 4140 4140 32 32
1964 4183 4183 32 32
1965 4226 4226 32 32
1966 4268 4268 32 32
1967 4309 4309 32 32
1968 4350 4350 32 32
1969 4391 4391 32 32
1970 4432 4432 32 32
1971 4473 4473 32 32
1972 4515 4515 32 32
1973 4557 4557 32 32
1974 4600 4600 32 32
1975 4643 4643 32 32
1976 4686 4686 32 32
1977 4729 4729 32 32
1978 4772 4772 32 32
1979 4815 4815 32 32
1980 4858 4858 32 32
1981 4900 4900 32 32
1982 4942 4942 32 32
1983 4983 4983 32 32
1984 5025 5025 32 32
1985 5067 5067 32 32
1986 5108 5108 32 32
1987 5150 5150 32 32
1988 5192 5192 32 32
1989 5234 5234 32 32
1990 5276 5276 32 32
1991 5317 5317 32 32
1992 5359 5359 32 32
1993 5396 5396 32 32
1994 5438 5438 32 32
1995 5473 5473 32 32
1996 5516 5516 32 32
1997 5468 5468 32 32
1998 5042 5042 32 32
1999 4013 4013 32 32
2000 2427 2427 32 32
2001 594 594 32 32
2002 -1191 -1191 32 32
2003 -2796 -2796 32 32
2004 -4167 -4167 32 32
2005 -5292 -5292 32 32
2006 -6174 -6174 32 32
2007 -6774 -6774 32 32
2008 -7045 -7045 32 32
2009 -6890 -6890 32 32
2010 -6207 -6207 32 32
2011 -5110 -5110 32 32
2012 -3857 -3857 32 32
2013 -2721 -2721 32 32
2014 -1960 -1960 32 32
2015 -1670 -1670 32 32
2016 -1808 -1808 32 32
2017 -2251 -2251 32 32
2018 -2842 -2842 32 32
2019 -3471 -3471 32 32
2020 -4072 -4072 32 32
2021 -4560 -4560 32 32
2022 -4852 -4852 32 32
2023 -4910 -4910 32 32
2024 -4720 -4720 32 32
2025 -4319 -4319 32 32
2026 -3768 -3768 32 32
2027 -3180 -3180 32 32
2028 -2835 -2835 32 32
2029 -2903 -2903 32 32
2030 -3318 -3318 32 32
2031 -3985 -3985 32 32
2032 -4795 -4795 32 32
2033 -5618 -5618 32 32
2034 -6406 -6406 32 32
2035 -7178 -7178 32 32
2036 -7913 -7913 32 32
2037 -8575 -8575 32 32
2038 -9175 -9175 32 32
2039 -9718 -9718 32 32
2040 -10238 -10238 32 32
2041 -10734 -10734 32 32
2042 -11180 -11180 32 32
2043 -11574 -11574 32 32
2044 -11920 -11920 32 32
2045 -12213 -12213 32 32
2046 -12451 -12451 32 32
2047 -12626 -12626 32 32
2048 -12734 -12734 32 32
2049 -12760 -12760 32 32
2050 -12662 -12662 32 32
2051 -12394 -12394 32 32
2052 -11975 -11975 32 32
2053 -11435 -11435 32 32
2054 -10778 -10778 32 32
2055 -10083 -10083 32 32
2056 -9428 -9428 32 32
2057 -8893 -8893 32 32
2058 -8512 -8512 32 32
2059 -8151 -8151 32 32
2060 -7566 -7566 32 32
2061 -6547 -6547 32 32
2062 -5137 -5137 32 32
2063 -3615 -3615 32 32
2064 -2313 -2313 32 32
2065 -1492 -1492 32 32
2066 -1230 -1230 32 32
2067 -1454 -1454 32 32
2068 -2010 -2010 32 32
2069 -2719 -2719 32 32
2070 -3453 -3453 32 32
2071 -4140 -4140 32 32
2072 -4700 -4700 32 32
2073 -5046 -5046 32 32
2074 -5120 -5120 32 32
2075 -4911 -4911 32 32
2076 -4456 -4456 32 32
2077 -3827 -3827 32 32
2078 -3144 -3144 32 32
2079 -2570 -2570 32 32
2080 -2218 -2218 32 32
2081 -2117 -2117 32 32
2082 -2238 -2238 32 32
2083 -2513 -2513 32 32
2084 -2854 -2854 32 32
2085 -3189 -3189 32 32
2086 -3471 -3471 32 32
2087 -3659 -3659 32 32
2088 -3718 -3718 32 32
2089 -3632 -3632 32 32
2090 -3407 -3407 32 32
2091 -3075 -3075 32 32
2092 -2720 -2720 32 32
2093 -2418 -2418 32 32
2094 -2215 -2215 32 32
2095 -2132 -2132 32 32
2096 -2162 -2162 32 32
2097 -2278 -2278 32 32
2098 -2437 -2437 32 32
2099 -2596 -2596 32 32
2100 -2715 -2715 32 32
2101 -2764 -2764 32 32
2102 -2732 -2732 32 32
2103 -2625 -2625 32 32
2104 -2465 -2465 32 32
2105 -2283 -2283 32 32
2106 -2107 -2107 32 32
2107 -1968 -1968 32 32
2108 -1879 -1879 32 32
2109 -1846 -1846 32 32
2110 -1861 -1861 32 32
2111 -1906 -1906 32 32
2112 -1961 -1961 32 32
2113 -2004 -2004 32 32
2114 -2018 -2018 32 32
2115 -1996 -1996 32 32
2116 -1937 -1937 32 32
2117 -1848 -1848 32 32
2118 -1742 -1742 32 32
2119 -1634 -1634 32 32
2120 -1539 -1539 32 32
2121 -1465 -1465 32 32
2122 -1417 -1417 32 32
2123 -1393 -1393 32 32
2124 -1387 -1387 32 32
2125 -1390 -1390 32 32
2126 -1391 -1391 32 32
2127 -1381 -1381 32 32
2128 -1355 -1355 32 32
2129 -1312 -1312 32 32
2130 -1253 -1253 32 32
2131 -1184 -1184 32 32
2132 -1110 -1110 32 32
2133 -1040 -1040 32 32
2134 -978 -978 32 32
2135 -928 -928 32 32
2136 -890 -890 32 32
2137 -862 -862 32 32
2138 -840 -840 32 32
2139 -819 -819 32 32
2140 -794 -794 32 32
2141 -763 -763 32 32
2142 -724 -724 32 32
2143 -676 -676 32 32
2144 -623 -623 32 32
2145 -567 -567 32 32
2146 -510 -510 32 32
2147 -457 -457 32 32
2148 -409 -409 32 32
2149 -366 -366 32 32
2150 -329 -329 32 32
2151 -295 -295 32 32
2152 -263 -263 32 32
2153 -230 -230 32 32
2154 -194 -194 32 32
2155 -155 -155 32 32
2156 -112 -112 32 32
2157 -66 -66 32 32
2158 -18 -18 32 32
2159 31 31 32 32
2160 80 80 32 32
2161 126 126 32 32
2162 170 170 32 32
2163 211 211 32 32
2164 250 250 32 32
2165 287 287 32 32
2166 325 325 32 32
2167 363 363 32 32
2168 403 403 32 32
2169 445 445 32 32
2170 488 488 32 32
2171 533 533 32 32
2172 578 578 32 32
2173 623 623 32 32
2174 668 668 32 32
2175 712 712 32 32
2176 754 754 32 32
2177 795 795 32 32
2178 835 835 32 32
2179 875 875 32 32
2180 915 915 32 32
2181 956 956 32 32
2182 997 997 32 32
2183 1039 1039 32 32
2184 1083 1083 32 32
2185 1126 1126 32 32
2186 1170 1170 32 32
2187 1213 1213 32 32
2188 1256 1256 32 32
2189 1299 1299 32 32
2190 1341 1341 32 32
2191 1382 1382 32 32
2192 1423 1423 32 32
2193 1465 1465 32 32
2194 1506 1506 32 32
2195 1548 1548 32 32
2196 1589 1589 32 32
2197 1632 1632 32 32
2198 1674 1674 32 32
2199 1717 1717 32 32
2200 1760 1760 32 32
2201 1803 1803 32 32
2202 1845 1845 32 32
2203 1887 1887 32 32
2204 1929 1929 32 32
2205 1971 1971 32 32
2206 2013 2013 32 32
2207 2054 2054 32 32
2208 2096 2096 32 32
2209 2138 2138 32 32
2210 2180 2180 32 32
2211 2223 2223 32 32
2212 2265 2265 32 32
2213 2307 2307 32 32
2214 2349 2349 32 32
2215 2392 2392 32 32
2216 2434 2434 32 32
2217 2476 2476 32 32
2218 2518 2518 32 32
2219 2560 2560 32 32
2220 2602 2602 32 32
2221 2644 2644 32 32
2222 2687 2687 32 32
2223 2728 2728 32 32
2224 2770 2770 32 32
2225 2813 2813 32 32
2226 2854 2854 32 32
2227 2896 2896 32 32
2228 2939 2939 32 32
2229 2979 2979 32 32
2230 3020 3020 32 32
2231 3058 3058 32 32
2232 3095 3095 32 32
2233 3131 3131 32 32
2234 3168 3168 32 32
2235 3208 3208 32 32
2236 3250 3250 32 32
2237 3294 3294 32 32
2238 3340 3340 32 32
2239 3386 3386 32 32
2240 3433 3433 32 32
2241 3479 3479 32 32
2242 3523 3523 32 32
2243 3567 3567 32 32
2244 3608 3608 32 32
2245 3649 3649 32 32
2246 3688 3688 32 32
2247 3727 3727 32 32
2248 3766 3766 32 32
2249 3805 3805 32 32
2250 3845 3845 32 32
2251 3887 3887 32 32
2252 3930 3930 32 32
2253 3974 3974 32 32
2254 4018 4018 32 32
2255 4062 4062 32 32
2256 4106 4106 32 32
2257 4150 4150 32 32
2258 4192 4192 32 32
2259 4235 4235 32 32
2260 4276 4276 32 32
2261 4317 4317 32 32
2262 4358 4358 32 32
2263 4398 4398 32 32
2264 4439 4439 32 32
2265 4480 4480 32 32
2266 4521 4521 32 32
2267 4564 4564 32 32
2268 4606 4606 32 32
2269 4649 4649 32 32
2270 4692 4692 32 32
2271 4735 4735 32 32
2272 4778 4778 32 32
2273 4821 4821 32 32
2274 4863 4863 32 32
2275 4905 4905 32 32
2276 4946 4946 32 32
2277 4987 4987 32 32
2278 5029 5029 32 32
2279 5071 5071 32 32
2280 5112 5112 32 32
2281 5153 5153 32 32
2282 5195 5195 32 32
2283 5238 5238 32 32
2284 5280 5280 32 32
2285 5323 5323 32 32
2286 5365 5365 32 32
2287 5408 5408 32 32
2288 5450 5450 32 32
2289 5492 5492 32 32
2290 5534 5534 32 32
2291 5576 5576 32 32
2292 5617 5617 32 32
2293 5659 5659 32 32
2294 5701 5701 32 32
2295 5743 5743 32 32
2296 5784 5784 32 32
2297 5827 5827 32 32
2298 5869 5869 32 32
2299 5910 5910 32 32
2300 5952 5952 32 32
2301 5994 5994 32 32
2302 6036 6036 32 32
2303 6076 6076 32 32
2304 6115 6115 32 32
2305 6152 6152 32 32
2306 6186 6186 32 32
2307 6217 6217 32 32
2308 6248 6248 32 32
2309 6281 6281 32 32
2310 6317 6317 32 32
2311 6356 6356 32 32
2312 6398 6398 32 32
2313 6444 6444 32 32
2314 6491 6491 32 32
2315 6540 6540 32 32
2316 6589 6589 32 32
2317 6639 6639 32 32
2318 6688 6688 32 32
2319 6736 6736 32 32
2320 6782 6782 32 32
2321 6826 6826 32 32
2322 6867 6867 32 32
2323 6907 6907 32 32
2324 6945 6945 32 32
2325 6982 6982 32 32
2326 7018 7018 32 32
2327 7055 7055 32 32
2328 7092 7092 32 32
2329 7130 7130 32 32
2330 7170 7170 32 32
2331 7210 7210 32 32
2332 7252 7252 32 32
2333 7296 7296 32 32
2334 7341 7341 32 32
2335 7386 7386 32 32
2336 7432 7432 32 32
2337 7477 7477 32 32
2338 7522 7522 32 32
2339 7567 7567 32 32
2340 7611 7611 32 32
2341 7653 7653 32 32
2342 7696 7696 32 32
2343 7737 7737 32 32
2344 7777 7777 32 32
2345 7816 7816 32 32
2346 7856 7856 32 32
2347 7895 7895 32 32
2348 7934 7934 32 32
2349 7975 7975 32 32
2350 8015 8015 32 32
2351 8056 8056 32 32
2352 8098 8098 32 32
2353 8141 8141 32 32
2354 8184 8184 32 32
2355 8228 8228 32 32
2356 8271 8271 32 32
2357 8315 8315 32 32
2358 8358 8358 32 32
2359 8402 8402 32 32
2360 8444 8444 32 32
2361 8487 8487 32 32
2362 8529 8529 32 32
2363 8570 8570 32 32
2364 8611 8611 32 32
2365 8652 8652 32 32
2366 8692 8692 32 32
2367 8733 8733 32 32
2368 8773 8773 32 32
2369 8814 8814 32 32
2370 8856 8856 32 32
2371 8898 8898 32 32
2372 8939 8939 32 32
2373 8981 8981 32 32
2374 9023 9023 32 32
2375 9065 9065 32 32
2376 9105 9105 32 32
2377 9145 9145 32 32
2378 9183 9183 32 32
2379 9218 9218 32 32
2380 9253 9253 32 32
2381 9284 9284 32 32
2382 9313 9313 32 32
2383 9340 9340 32 32
2384 9369 9369 32 32
2385 9399 9399 32 32
2386 9432 9432 32 32
2387 9468 9468 32 32
2388 9507 9507 32 32
2389 9549 9549 32 32
2390 9593 9593 32 32
2391 9639 9639 32 32
2392 9688 9688 32 32
2393 9738 9738 32 32
2394 9790 9790 32 32
2395 9841 9841 32 32
2396 9893 9893 32 32
2397 9945 9945 32 32
2398 9995 9995 32 32
2399 10045 10045 32 32
2400 10092 10092 32 32
2401 10138 10138 32 32
2402 10183 10183 32 32
2403 10225 10225 32 32
2404 10265 10265 32 32
2405 10303 10303 32 32
2406 10341 10341 32 32
2407 10377 10377 32 32
2408 10412 10412 32 32
2409 10447 10447 32 32
2410 10481 10481 32 32
2411 10516 10516 32 32
2412 10552 10552 32 32
2413 10588 10588 32 32
2414 10625 10625 32 32
2415 10664 10664 32 32
2416 10704 10704 32 32
2417 10745 10745 32 32
2418 10788 10788 32 32
2419 10832 10832 32 32
2420 10877 10877 32 32
2421 10923 10923 32 32
2422 10969 10969 32 32
2423 11016 11016 32 32
2424 11063 11063 32 32
2425 11110 11110 32 32
2426 11156 11156 32 32
2427 11201 11201 32 32
2428 11247 11247 32 32
2429 11290 11290 32 32
2430 11333 11333 32 32
2431 11374 11374 32 32
2432 11412 11412 32 32
2433 11446 11446 32 32
2434 11398 11398 32 32
2435 11072 11072 32 32
2436 10098 10098 32 32
2437 8200 8200 32 32
2438 5575 5575 32 32
2439 2767 2767 32 32
2440 301 301 32 32
2441 -1544 -1544 32 32
2442 -2649 -2649 32 32
2443 -2926 -2926 32 32
2444 -2397 -2397 32 32
2445 -1299 -1299 32 32
2446 79 79 32 32
2447 1472 1472 32 32
2448 2694 2694 32 32
2449 3666 3666 32 32
2450 4317 4317 32 32
2451 4559 4559 32 32
2452 4359 4359 32 32
2453 3751 3751 32 32
2454 2858 2858 32 32
2455 1930 1930 32 32
2456 1182 1182 32 32
2457 748 748 32 32
2458 675 675 32 32
2459 933 933 32 32
2460 1422 1422 32 32
2461 2030 2030 32 32
2462 2577 2577 32 32
2463 2741 2741 32 32
2464 2290 2290 32 32
2465 1283 1283 32 32
2466 -71 -71 32 32
2467 -1517 -1517 32 32
2468 -2894 -2894 32 32
2469 -4137 -4137 32 32
2470 -5205 -5205 32 32
2471 -6098 -6098 32 32
2472 -6814 -6814 32 32
2473 -7339 -7339 32 32
2474 -7596 -7596 32 32
2475 -7518 -7518 32 32
2476 -7040 -7040 32 32
2477 -6156 -6156 32 32
2478 -5058 -5058 32 32
2479 -3993 -3993 32 32
2480 -3167 -3167 32 32
2481 -2715 -2715 32 32
2482 -2656 -2656 32 32
2483 -2897 -2897 32 32
2484 -3321 -3321 32 32
2485 -3857 -3857 32 32
2486 -4419 -4419 32 32
2487 -4934 -4934 32 32
2488 -5341 -5341 32 32
2489 -5584 -5584 32 32
2490 -5622 -5622 32 32
2491 -5450 -5450 32 32
2492 -5099 -5099 32 32
2493 -4627 -4627 32 32
2494 -4146 -4146 32 32
2495 -3845 -3845 32 32
2496 -3844 -3844 32 32
2497 -4145 -4145 32 32
2498 -4675 -4675 32 32
2499 -5324 -5324 32 32
2500 -5994 -5994 32 32
2501 -6663 -6663 32 32
2502 -7344 -7344 32 32
2503 -7994 -7994 32 32
2504 -8582 -8582 32 32
2505 -9115 -9115 32 32
2506 -9593 -9593 32 32
2507 -10040 -10040 32 32
2508 -10453 -10453 32 32
2509 -10817 -10817 32 32
2510 -11116 -11116 32 32
2511 -11328 -11328 32 32
2512 -11428 -11428 32 32
2513 -11399 -11399 32 32
2514 -11218 -11218 32 32
2515 -10880 -10880 32 32
2516 -10357 -10357 32 32
2517 -9680 -9680 32 32
2518 -8947 -8947 32 32
2519 -8286 -8286 32 32
2520 -7774 -7774 32 32
2521 -7427 -7427 32 32
2522 -7251 -7251 32 32
2523 -7231 -7231 32 32
2524 -7342 -7342 32 32
2525 -7557 -7557 32 32
2526 -7834 -7834 32 32
2527 -8145 -8145 32 32
2528 -8462 -8462 32 32
2529 -8751 -8751 32 32
2530 -9002 -9002 32 32
2531 -9209 -9209 32 32
2532 -9367 -9367 32 32
2533 -9473 -9473 32 32
2534 -9516 -9516 32 32
2535 -9479 -9479 32 32
2536 -9332 -9332 32 32
2537 -9088 -9088 32 32
2538 -8783 -8783 32 32
2539 -8452 -8452 32 32
2540 -8125 -8125 32 32
2541 -7831 -7831 32 32
2542 -7592 -7592 32 32
2543 -7422 -7422 32 32
2544 -7327 -7327 32 32
2545 -7308 -7308 32 32
2546 -7355 -7355 32 32
2547 -7457 -7457 32 32
2548 -7596 -7596 32 32
2549 -7753 -7753 32 32
2550 -7909 -7909 32 32
2551 -8044 -8044 32 32
2552 -8145 -8145 32 32
2553 -8200 -8200 32 32
2554 -8204 -8204 32 32
2555 -8154 -8154 32 32
2556 -8054 -8054 32 32
2557 -7914 -7914 32 32
2558 -7743 -7743 32 32
2559 -7557 -7557 32 32
2560 -7371 -7371 32 32
2561 -7201 -7201 32 32
2562 -7055 -7055 32 32
2563 -6944 -6944 32 32
2564 -6870 -6870 32 32
2565 -6836 -6836 32 32
2566 -6836 -6836 32 32
2567 -6865 -6865 32 32
2568 -6914 -6914 32 32
2569 -6973 -6973 32 32
2570 -7032 -7032 32 32
2571 -7081 -7081 32 32
2572 -7114 -7114 32 32
2573 -7124 -7124 32 32
2574 -7106 -7106 32 32
2575 -7058 -7058 32 32
2576 -6984 -6984 32 32
2577 -6884 -6884 32 32
2578 -6765 -6765 32 32
2579 -6635 -6635 32 32
2580 -6504 -6504 32 32
2581 -6381 -6381 32 32
2582 -6280 -6280 32 32
2583 -6210 -6210 32 32
2584 -6172 -6172 32 32
2585 -6164 -6164 32 32
2586 -6175 -6175 32 32
2587 -6194 -6194 32 32
2588 -6217 -6217 32 32
2589 -6236 -6236 32 32
2590 -6247 -6247 32 32
2591 -6242 -6242 32 32
2592 -6211 -6211 32 32
2593 -6151 -6151 32 32
2594 -6072 -6072 32 32
2595 -5980 -5980 32 32
2596 -5885 -5885 32 32
2597 -5794 -5794 32 32
2598 -5716 -5716 32 32
2599 -5653 -5653 32 32
2600 -5609 -5609 32 32
2601 -5581 -5581 32 32
2602 -5566 -5566 32 32
2603 -5559 -5559 32 32
2604 -5554 -5554 32 32
2605 -5544 -5544 32 32
2606 -5526 -5526 32 32
2607 -5496 -5496 32 32
2608 -5455 -5455 32 32
2609 -5402 -5402 32 32
2610 -5340 -5340 32 32
2611 -5274 -5274 32 32
2612 -5207 -5207 32 32
2613 -5143 -5143 32 32
2614 -5085 -5085 32 32
2615 -5036 -5036 32 32
2616 -4995 -4995 32 32
2617 -4962 -4962 32 32
2618 -4934 -4934 32 32
2619 -4909 -4909 32 32
2620 -4884 -4884 32 32
2621 -4857 -4857 32 32
2622 -4825 -4825 32 32
2623 -4787 -4787 32 32
2624 -4744 -4744 32 32
2625 -4695 -4695 32 32
2626 -4643 -4643 32 32
2627 -4590 -4590 32 32
2628 -4537 -4537 32 32
2629 -4484 -4484 32 32
2630 -4436 -4436 32 32
2631 -4392 -4392 32 32
2632 -4351 -4351 32 32
2633 -4314 -4314 32 32
2634 -4279 -4279 32 32
2635 -4245 -4245 32 32
2636 -4212 -4212 32 32
2637 -4176 -4176 32 32
2638 -4138 -4138 32 32
2639 -4098 -4098 32 32
2640 -4055 -4055 32 32
2641 -4009 -4009 32 32
2642 -3962 -3962 32 32
2643 -3915 -3915 32 32
2644 -3867 -3867 32 32
2645 -3821 -3821 32 32
2646 -3777 -3777 32 32
2647 -3734 -3734 32 32
2648 -3693 -3693 32 32
2649 -3654 -3654 32 32
2650 -3615 -3615 32 32
2651 -3578 -3578 32 32
2652 -3539 -3539 32 32
2653 -3500 -3500 32 32
2654 -3460 -3460 32 32
2655 -3418 -3418 32 32
2656 -3376 -3376 32 32
2657 -3331 -3331 32 32
2658 -3286 -3286 32 32
2659 -3239 -3239 32 32
2660 -3190 -3190 32 32
2661 -3141 -3141 32 32
2662 -3092 -3092 32 32
2663 -3045 -3045 32 32
2664 -3003 -3003 32 32
2665 -2966 -2966 32 32
2666 -2930 -2930 32 32
2667 -2895 -2895 32 32
2668 -2859 -2859 32 32
2669 -2822 -2822 32 32
2670 -2782 -2782 32 32
2671 -2739 -2739 32 32
2672 -2695 -2695 32 32
2673 -2648 -2648 32 32
2674 -2602 -2602 32 32
2675 -2556 -2556 32 32
2676 -2512 -2512 32 32
2677 -2468 -2468 32 32
2678 -2427 -2427 32 32
2679 -2387 -2387 32 32
2680 -2349 -2349 32 32
2681 -2310 -2310 32 32
2682 -2270 -2270 32 32
2683 -2230 -2230 32 32
2684 -2189 -2189 32 32
2685 -2147 -2147 32 32
2686 -2104 -2104 32 32
2687 -2060 -2060 32 32
2688 -2016 -2016 32 32
2689 -1972 -1972 32 32
2690 -1930 -1930 32 32
2691 -1887 -1887 32 32
2692 -1846 -1846 32 32
2693 -1805 -1805 32 32
2694 -1764 -1764 32 32
2695 -1724 -1724 32 32
2696 -1683 -1683 32 32
2697 -1642 -1642 32 32
2698 -1601 -1601 32 32
2699 -1559 -1559 32 32
2700 -1516 -1516 32 32
2701 -1473 -1473 32 32
2702 -1431 -1431 32 32
2703 -1388 -1388 32 32
2704 -1346 -1346 32 32
2705 -1304 -1304 32 32
2706 -1262 -1262 32 32
2707 -1220 -1220 32 32
2708 -1180 -1180 32 32
2709 -1139 -1139 32 32
2710 -1097 -1097 32 32
2711 -1055 -1055 32 32
2712 -1014 -1014 32 32
2713 -972 -972 32 32
2714 -930 -930 32 32
2715 -887 -887 32 32
2716 -846 -846 32 32
2717 -803 -803 32 32
2718 -761 -761 32 32
2719 -720 -720 32 32
2720 -678 -678 32 32
2721 -636 -636 32 32
2722 -595 -595 32 32
2723 -554 -554 32 32
2724 -512 -512 32 32
2725 -470 -470 32 32
2726 -428 -428 32 32
2727 -386 -386 32 32
2728 -345 -345 32 32
2729 -302 -302 32 32
2730 -261 -261 32 32
2731 -219 -219 32 32
2732 -177 -177 32 32
2733 -135 -135 32 32
2734 -94 -94 32 32
2735 -52 -52 32 32
2736 -10 -10 32 32
2737 31 31 32 32
2738 73 73 32 32
2739 115 115 32 32
2740 157 157 32 32
2741 199 199 32 32
2742 241 241 32 32
2743 282 282 32 32
2744 324 324 32 32
2745 365 365 32 32
2746 408 408 32 32
2747 449 449 32 32
2748 491 491 32 32
2749 532 532 32 32
2750 574 574 32 32
2751 616 616 32 32
2752 657 657 32 32
2753 700 700 32 32
2754 741 741 32 32
2755 783 783 32 32
2756 825 825 32 32
2757 867 867 32 32
2758 909 909 32 32
2759 950 950 32 32
2760 992 992 32 32
2761 1033 1033 32 32
2762 1075 1075 32 32
2763 1117 1117 32 32
2764 1158 1158 32 32
2765 1200 1200 32 32
2766 1242 1242 32 32
2767 1283 1283 32 32
2768 1325 1325 32 32
2769 1367 1367 32 32
2770 1408 1408 32 32
2771 1450 1450 32 32
2772 1492 1492 32 32
2773 1534 1534 32 32
2774 1576 1576 32 32
2775 1617 1617 32 32
2776 1659 1659 32 32
2777 1701 1701 32 32
2778 1742 1742 32 32
2779 1784 1784 32 32
2780 1826 1826 32 32
2781 1868 1868 32 32
2782 1909 1909 32 32
2783 1951 1951 32 32
2784 1993 1993 32 32
2785 2034 2034 32 32
2786 2076 2076 32 32
2787 2118 2118 32 32
2788 2159 2159 32 32
2789 2201 2201 32 32
2790 2243 2243 32 32
2791 2284 2284 32 32
2792 2326 2326 32 32
2793 2368 2368 32 32
2794 2410 2410 32 32
2795 2452 2452 32 32
2796 2493 2493 32 32
2797 2534 2534 32 32
2798 2576 2576 32 32
2799 2618 2618 32 32
2800 2660 2660 32 32
2801 2701 2701 32 32
2802 2743 2743 32 32
2803 2784 2784 32 32
2804 2826 2826 32 32
2805 2867 2867 32 32
2806 2908 2908 32 32
2807 2949 2949 32 32
2808 2988 2988 32 32
2809 3026 3026 32 32
2810 3063 3063 32 32
2811 3098 3098 32 32
2812 3135 3135 32 32
2813 3174 3174 32 32
2814 3216 3216 32 32
2815 3260 3260 32 32
2816 3306 3306 32 32
2817 3352 3352 32 32
2818 3397 3397 32 32
2819 3443 3443 32 32
2820 3487 3487 32 32
2821 3530 3530 32 32
2822 3571 3571 32 32
2823 3612 3612 32 32
2824 3651 3651 32 32
2825 3689 3689 32 32
2826 3728 3728 32 32
2827 3767 3767 32 32
2828 3806 3806 32 32
2829 3848 3848 32 32
2830 3889 3889 32 32
2831 3932 3932 32 32
2832 3975 3975 32 32
2833 4019 4019 32 32
2834 4063 4063 32 32
2835 4106 4106 32 32
2836 4150 4150 32 32
2837 4191 4191 32 32
2838 4233 4233 32 32
2839 4273 4273 32 32
2840 4314 4314 32 32
2841 4354 4354 32 32
2842 4394 4394 32 32
2843 4434 4434 32 32
2844 4475 4475 32 32
2845 4517 4517 32 32
2846 4558 4558 32 32
2847 4600 4600 32 32
2848 4643 4643 32 32
2849 4685 4685 32 32
2850 4728 4728 32 32
2851 4771 4771 32 32
2852 4813 4813 32 32
2853 4854 4854 32 32
2854 4896 4896 32 32
2855 4937 4937 32 32
2856 4978 4978 32 32
2857 5019 5019 32 32
2858 5060 5060 32 32
2859 5101 5101 32 32
2860 5142 5142 32 32
2861 5183 5183 32 32
2862 5225 5225 32 32
2863 5266 5266 32 32
2864 5306 5306 32 32
2865 5347 5347 32 32
2866 5385 5385 32 32
2867 5424 5424 32 32
2868 5460 5460 32 32
2869 5497 5497 32 32
2870 5396 5396 32 32
2871 4898 4898 32 32
2872 3836 3836 32 32
2873 2291 2291 32 32
2874 545 545 32 32
2875 -1146 -1146 32 32
2876 -2673 -2673 32 32
2877 -3985 -3985 32 32
2878 -5069 -5069 32 32
2879 -5933 -5933 32 32
2880 -6538 -6538 32 32
2881 -6847 -6847 32 32
2882 -6784 -6784 32 32
2883 -6244 -6244 32 32
2884 -5285 -5285 32 32
2885 -4113 -4113 32 32
2886 -2963 -2963 32 32
2887 -2086 -2086 32 32
2888 -1622 -1622 32 32
2889 -1576 -1576 32 32
2890 -1870 -1870 32 32
2891 -2376 -2376 32 32
2892 -2965 -2965 32 32
2893 -3560 -3560 32 32
2894 -4098 -4098 32 32
2895 -4507 -4507 32 32
2896 -4719 -4719 32 32
2897 -4810 -4810 32 32
2898 -4941 -4941 32 32
2899 -5198 -5198 32 32
2900 -5573 -5573 32 32
2901 -6023 -6023 32 32
2902 -6528 -6528 32 32
2903 -7083 -7083 32 32
2904 -7667 -7667 32 32
2905 -8224 -8224 32 32
2906 -8744 -8744 32 32
2907 -9225 -9225 32 32
2908 -9681 -9681 32 32
2909 -10128 -10128 32 32
2910 -10561 -10561 32 32
2911 -10960 -10960 32 32
2912 -11313 -11313 32 32
2913 -11626 -11626 32 32
2914 -11895 -11895 32 32
2915 -12120 -12120 32 32
2916 -12293 -12293 32 32
2917 -12413 -12413 32 32
2918 -12470 -12470 32 32
2919 -12444 -12444 32 32
2920 -12296 -12296 32 32
2921 -12018 -12018 32 32
2922 -11629 -11629 32 32
2923 -11152 -11152 32 32
2924 -10594 -10594 32 32
2925 -10003 -10003 32 32
2926 -9449 -9449 32 32
2927 -8979 -8979 32 32
2928 -8650 -8650 32 32
2929 -8469 -8469 32 32
2930 -8417 -8417 32 32
2931 -8448 -8448 32 32
2932 -8410 -8410 32 32
2933 -8112 -8112 32 32
2934 -7358 -7358 32 32
2935 -6060 -6060 32 32
2936 -4420 -4420 32 32
2937 -2802 -2802 32 32
2938 -1541 -1541 32 32
2939 -837 -837 32 32
2940 -705 -705 32 32
2941 -1048 -1048 32 32
2942 -1700 -1700 32 32
2943 -2485 -2485 32 32
2944 -3273 -3273 32 32
2945 -4000 -4000 32 32
2946 -4601 -4601 32 32
2947 -4993 -4993 32 32
2948 -5114 -5114 32 32
2949 -4944 -4944 32 32
2950 -4509 -4509 32 32
2951 -3873 -3873 32 32
2952 -3144 -3144 32 32
2953 -2487 -2487 32 32
2954 -2032 -2032 32 32
2955 -1827 -1827 32 32
2956 -1868 -1868 32 32
2957 -2101 -2101 32 32
2958 -2448 -2448 32 32
2959 -2821 -2821 32 32
2960 -3159 -3159 32 32
2961 -3421 -3421 32 32
2962 -3574 -3574 32 32
2963 -3586 -3586 32 32
2964 -3449 -3449 32 32
2965 -3174 -3174 32 32
2966 -2814 -2814 32 32
2967 -2455 -2455 32 32
2968 -2158 -2158 32 32
2969 -1963 -1963 32 32
2970 -1890 -1890 32 32
2971 -1930 -1930 32 32
2972 -2054 -2054 32 32
2973 -2223 -2223 32 32
2974 -2393 -2393 32 32
2975 -2525 -2525 32 32
2976 -2589 -2589 32 32
2977 -2573 -2573 32 32
2978 -2480 -2480 32 32
2979 -2328 -2328 32 32
2980 -2142 -2142 32 32
2981 -1956 -1956 32 32
2982 -1796 -1796 32 32
2983 -1683 -1683 32 32
2984 -1625 -1625 32 32
2985 -1620 -1620 32 32
2986 -1655 -1655 32 32
2987 -1711 -1711 32 32
2988 -1769 -1769 32 32
2989 -1807 -1807 32 32
2990 -1814 -1814 32 32
2991 -1783 -1783 32 32
2992 -1716 -1716 32 32
2993 -1621 -1621 32 32
2994 -1513 -1513 32 32
2995 -1403 -1403 32 32
2996 -1307 -1307 32 32
2997 -1234 -1234 32 32
2998 -1185 -1185 32 32
2999 -1162 -1162 32 32
3000 -1156 -1156 32 32
3001 -1161 -1161 32 32
3002 -1165 -1165 32 32
3003 -1161 -1161 32 32
3004 -1141 -1141 32 32
3005 -1104 -1104 32 32
3006 -1049 -1049 32 32
3007 -982 -982 32 32
3008 -910 -910 32 32
3009 -837 -837 32 32
3010 -770 -770 32 32
3011 -714 -714 32 32
3012 -669 -669 32 32
3013 -637 -637 32 32
3014 -612 -612 32 32
3015 -592 -592 32 32
3016 -572 -572 32 32
3017 -548 -548 32 32
3018 -516 -516 32 32
3019 -476 -476 32 32
3020 -429 -429 32 32
3021 -375 -375 32 32
3022 -319 -319 32 32
3023 -263 -263 32 32
3024 -210 -210 32 32
3025 -162 -162 32 32
3026 -119 -119 32 32
3027 -82 -82 32 32
3028 -48 -48 32 32
3029 -17 -17 32 32
3030 15 15 32 32
3031 49 49 32 32
3032 86 86 32 32
3033 127 127 32 32
3034 171 171 32 32
3035 219 219 32 32
3036 266 266 32 32
3037 315 315 32 32
3038 362 362 32 32
3039 406 406 32 32
3040 448 448 32 32
3041 488 488 32 32
3042 526 526 32 32
3043 562 562 32 32
3044 599 599 32 32
3045 637 637 32 32
3046 676 676 32 32
3047 718 718 32 32
3048 761 761 32 32
3049 805 805 32 32
3050 850 850 32 32
3051 894 894 32 32
3052 938 938 32 32
3053 981 981 32 32
3054 1023 1023 32 32
3055 1063 1063 32 32
3056 1103 1103 32 32
3057 1143 1143 32 32
3058 1182 1182 32 32
3059 1221 1221 32 32
3060 1261 1261 32 32
3061 1303 1303 32 32
3062 1345 1345 32 32
3063 1388 1388 32 32
3064 1431 1431 32 32
3065 1474 1474 32 32
3066 1517 1517 32 32
3067 1559 1559 32 32
3068 1601 1601 32 32
3069 1642 1642 32 32
3070 1683 1683 32 32
3071 1722 1722 32 32
3072 1763 1763 32 32
3073 1804 1804 32 32
3074 1845 1845 32 32
3075 1886 1886 32 32
3076 1928 1928 32 32
3077 1970 1970 32 32
3078 2012 2012 32 32
3079 2054 2054 32 32
3080 2097 2097 32 32
3081 2138 2138 32 32
3082 2179 2179 32 32
3083 2221 2221 32 32
3084 2262 2262 32 32
3085 2303 2303 32 32
3086 2344 2344 32 32
3087 2385 2385 32 32
3088 2426 2426 32 32
3089 2467 2467 32 32
3090 2509 2509 32 32
3091 2550 2550 32 32
3092 2592 2592 32 32
3093 2634 2634 32 32
3094 2676 2676 32 32
3095 2718 2718 32 32
3096 2759 2759 32 32
3097 2800 2800 32 32
3098 2842 2842 32 32
3099 2882 2882 32 32
3100 2922 2922 32 32
3101 2961 2961 32 32
3102 2999 2999 32 32
3103 3036 3036 32 32
3104 3071 3071 32 32
3105 3107 3107 32 32
3106 3146 3146 32 32
3107 3187 3187 32 32
3108 3231 3231 32 32
3109 3275 3275 32 32
3110 3321 3321 32 32
3111 3367 3367 32 32
3112 3412 3412 32 32
3113 3456 3456 32 32
3114 3500 3500 32 32
3115 3542 3542 32 32
3116 3582 3582 32 32
3117 3621 3621 32 32
3118 3659 3659 32 32
3119 3698 3698 32 32
3120 3736 3736 32 32
3121 3776 3776 32 32
3122 3816 3816 32 32
3123 3857 3857 32 32
3124 3899 3899 32 32
3125 3942 3942 32 32
3126 3985 3985 32 32
3127 4028 4028 32 32
3128 4072 4072 32 32
3129 4115 4115 32 32
3130 4157 4157 32 32
3131 4199 4199 32 32
3132 4240 4240 32 32
3133 4280 4280 32 32
3134 4321 4321 32 32
3135 4360 4360 32 32
3136 4400 4400 32 32
3137 4440 4440 32 32
3138 4481 4481 32 32
3139 4523 4523 32 32
3140 4564 4564 32 32
3141 4606 4606 32 32
3142 4648 4648 32 32
3143 4691 4691 32 32
3144 4733 4733 32 32
3145 4775 4775 32 32
3146 4817 4817 32 32
3147 4859 4859 32 32
3148 4900 4900 32 32
3149 4941 4941 32 32
3150 4982 4982 32 32
3151 5022 5022 32 32
3152 5063 5063 32 32
3153 5104 5104 32 32
3154 5141 5141 32 32
3155 5179 5179 32 32
3156 5216 5216 32 32
3157 5254 5254 32 32
3158 5293 5293 32 32
3159 5331 5331 32 32
3160 5369 5369 32 32
3161 5407 5407 32 32
3162 5444 5444 32 32
3163 5482 5482 32 32
3164 5519 5519 32 32
3165 5556 5556 32 32
3166 5593 5593 32 32
3167 5630 5630 32 32
3168 5667 5667 32 32
3169 5704 5704 32 32
3170 5741 5741 32 32
3171 5777 5777 32 32
3172 5814 5814 32 32
3173 5851 5851 32 32
3174 5885 5885 32 32
3175 5919 5919 32 32
3176 5950 5950 32 32
3177 5978 5978 32 32
3178 6006 6006 32 32
3179 6031 6031 32 32
3180 6060 6060 32 32
3181 6091 6091 32 32
3182 6125 6125 32 32
3183 6162 6162 32 32
3184 6201 6201 32 32
3185 6242 6242 32 32
3186 6285 6285 32 32
3187 6328 6328 32 32
3188 6373 6373 32 32
3189 6416 6416 32 32
3190 6458 6458 32 32
3191 6499 6499 32 32
3192 6537 6537 32 32
3193 6574 6574 32 32
3194 6609 6609 32 32
3195 6642 6642 32 32
3196 6675 6675 32 32
3197 6706 6706 32 32
3198 6736 6736 32 32
3199 6767 6767 32 32
3200 6798 6798 32 32
3201 6830 6830 32 32
3202 6863 6863 32 32
3203 6897 6897 32 32
3204 6932 6932 32 32
3205 6969 6969 32 32
3206 7006 7006 32 32
3207 7044 7044 32 32
3208 7083 7083 32 32
3209 7122 7122 32 32
3210 7161 7161 32 32
3211 7199 7199 32 32
3212 7236 7236 32 32
3213 7273 7273 32 32
3214 7309 7309 32 32
3215 7344 7344 32 32
3216 7377 7377 32 32
3217 7411 7411 32 32
3218 7444 7444 32 32
3219 7476 7476 32 32
3220 7508 7508 32 32
3221 7540 7540 32 32
3222 7573 7573 32 32
3223 7606 7606 32 32
3224 7639 7639 32 32
3225 7674 7674 32 32
3226 7708 7708 32 32
3227 7743 7743 32 32
3228 7779 7779 32 32
3229 7815 7815 32 32
3230 7851 7851 32 32
3231 7887 7887 32 32
3232 7922 7922 32 32
3233 7958 7958 32 32
3234 7993 7993 32 32
3235 8027 8027 32 32
3236 8061 8061 32 32
3237 8095 8095 32 32
3238 8128 8128 32 32
3239 8161 8161 32 32
3240 8194 8194 32 32
3241 8226 8226 32 32
3242 8259 8259 32 32
3243 8291 8291 32 32
3244 8323 8323 32 32
3245 8355 8355 32 32
3246 8386 8386 32 32
3247 8416 8416 32 32
3248 8444 8444 32 32
3249 8472 8472 32 32
3250 8498 8498 32 32
3251 8521 8521 32 32
3252 8543 8543 32 32
3253 8563 8563 32 32
3254 8583 8583 32 32
3255 8605 8605 32 32
3256 8629 8629 32 32
3257 8656 8656 32 32
3258 8685 8685 32 32
3259 8716 8716 32 32
3260 8750 8750 32 32
3261 8786 8786 32 32
3262 8823 8823 32 32
3263 8862 8862 32 32
3264 8902 8902 32 32
3265 8943 8943 32 32
3266 8985 8985 32 32
3267 9027 9027 32 32
3268 9068 9068 32 32
3269 9109 9109 32 32
3270 9149 9149 32 32
3271 9187 9187 32 32
3272 9224 9224 32 32
3273 9259 9259 32 32
3274 9294 9294 32 32
3275 9326 9326 32 32
3276 9357 9357 32 32
3277 9386 9386 32 32
3278 9415 9415 32 32
3279 9442 9442 32 32
3280 9469 9469 32 32
3281 9494 9494 32 32
3282 9520 9520 32 32
3283 9546 9546 32 32
3284 9571 9571 32 32
3285 9597 9597 32 32
3286 9623 9623 32 32
3287 9651 9651 32 32
3288 9679 9679 32 32
3289 9709 9709 32 32
3290 9739 9739 32 32
3291 9771 9771 32 32
3292 9803 9803 32 32
3293 9836 9836 32 32
3294 9870 9870 32 32
3295 9904 9904 32 32
3296 9939 9939 32 32
3297 9974 9974 32 32
3298 10010 10010 32 32
3299 10045 10045 32 32
3300 10080 10080 32 32
3301 10114 10114 32 32
3302 10149 10149 32 32
3303 10181 10181 32 32
3304 10213 10213 32 32
3305 10244 10244 32 32
3306 10266 10266 32 32
3307 10222 10222 32 32
3308 9989 9989 32 32
3309 9359 9359 32 32
3310 8123 8123 32 32
3311 6282 6282 32 32
3312 4111 4111 32 32
3313 1963 1963 32 32
3314 119 119 32 32
3315 -1288 -1288 32 32
3316 -2190 -2190 32 32
3317 -2534 -2534 32 32
3318 -2318 -2318 32 32
3319 -1643 -1643 32 32
3320 -689 -689 32 32
3321 390 390 32 32
3322 1440 1440 32 32
3323 2374 2374 32 32
3324 3150 3150 32 32
3325 3736 3736 32 32
3326 4081 4081 32 32
3327 4139 4139 32 32
3328 3917 3917 32 32
3329 3439 3439 32 32
3330 2779 2779 32 32
3331 2055 2055 32 32
3332 1276 1276 32 32
3333 410 410 32 32
3334 -530 -530 32 32
3335 -1483 -1483 32 32
3336 -2395 -2395 32 32
3337 -3255 -3255 32 32
3338 -4038 -4038 32 32
3339 -4726 -4726 32 32
3340 -5312 -5312 32 32
3341 -5794 -5794 32 32
3342 -6168 -6168 32 32
3343 -6399 -6399 32 32
3344 -6450 -6450 32 32
3345 -6297 -6297 32 32
3346 -5911 -5911 32 32
3347 -5303 -5303 32 32
3348 -4585 -4585 32 32
3349 -3867 -3867 32 32
3350 -3246 -3246 32 32
3351 -2801 -2801 32 32
3352 -2567 -2567 32 32
3353 -2542 -2542 32 32
3354 -2677 -2677 32 32
3355 -2926 -2926 32 32
3356 -3256 -3256 32 32
3357 -3619 -3619 32 32
3358 -3977 -3977 32 32
3359 -4294 -4294 32 32
3360 -4542 -4542 32 32
3361 -4691 -4691 32 32
3362 -4726 -4726 32 32
3363 -4643 -4643 32 32
3364 -4452 -4452 32 32
3365 -4177 -4177 32 32
3366 -3847 -3847 32 32
3367 -3527 -3527 32 32
3368 -3316 -3316 32 32
3369 -3280 -3280 32 32
3370 -3431 -3431 32 32
3371 -3737 -3737 32 32
3372 -4155 -4155 32 32
3373 -4618 -4618 32 32
3374 -5090 -5090 32 32
3375 -5561 -5561 32 32
3376 -6042 -6042 32 32
3377 -6515 -6515 32 32
3378 -6950 -6950 32 32
3379 -7352 -7352 32 32
3380 -7718 -7718 32 32
3381 -8051 -8051 32 32
3382 -8365 -8365 32 32
3383 -8661 -8661 32 32
3384 -8927 -8927 32 32
3385 -9159 -9159 32 32
3386 -9347 -9347 32 32
3387 -9476 -9476 32 32
3388 -9537 -9537 32 32
3389 -9521 -9521 32 32
3390 -9414 -9414 32 32
3391 -9214 -9214 32 32
3392 -8910 -8910 32 32
3393 -8489 -8489 32 32
3394 -7987 -7987 32 32
3395 -7453 -7453 32 32
3396 -6957 -6957 32 32
3397 -6541 -6541 32 32
3398 -6220 -6220 32 32
3399 -6001 -6001 32 32
3400 -5881 -5881 32 32
3401 -5855 -5855 32 32
3402 -5908 -5908 32 32
3403 -6028 -6028 32 32
3404 -6196 -6196 32 32
3405 -6396 -6396 32 32
3406 -6610 -6610 32 32
3407 -6828 -6828 32 32
3408 -7036 -7036 32 32
3409 -7220 -7220 32 32
3410 -7377 -7377 32 32
3411 -7504 -7504 32 32
3412 -7598 -7598 32 32
3413 -7653 -7653 32 32
3414 -7665 -7665 32 32
3415 -7619 -7619 32 32
3416 -7513 -7513 32 32
3417 -7355 -7355 32 32
3418 -7154 -7154 32 32
3419 -6926 -6926 32 32
3420 -6686 -6686 32 32
3421 -6449 -6449 32 32
3422 -6229 -6229 32 32
3423 -6038 -6038 32 32
3424 -5884 -5884 32 32
3425 -5771 -5771 32 32
3426 -5703 -5703 32 32
3427 -5677 -5677 32 32
3428 -5689 -5689 32 32
3429 -5735 -5735 32 32
3430 -5808 -5808 32 32
3431 -5898 -5898 32 32
3432 -5997 -5997 32 32
3433 -6095 -6095 32 32
3434 -6185 -6185 32 32
3435 -6257 -6257 32 32
3436 -6307 -6307 32 32
3437 -6331 -6331 32 32
3438 -6325 -6325 32 32
3439 -6288 -6288 32 32
3440 -6221 -6221 32 32
3441 -6127 -6127 32 32
3442 -6009 -6009 32 32
3443 -5873 -5873 32 32
3444 -5725 -5725 32 32
3445 -5576 -5576 32 32
3446 -5432 -5432 32 32
3447 -5303 -5303 32 32
3448 -5195 -5195 32 32
3449 -5116 -5116 32 32
3450 -5066 -5066 32 32
3451 -5042 -5042 32 32
3452 -5039 -5039 32 32
3453 -5052 -5052 32 32
3454 -5078 -5078 32 32
3455 -5112 -5112 32 32
3456 -5150 -5150 32 32
3457 -5187 -5187 32 32
3458 -5219 -5219 32 32
3459 -5241 -5241 32 32
3460 -5249 -5249 32 32
3461 -5241 -5241 32 32
3462 -5212 -5212 32 32
3463 -5162 -5162 32 32
3464 -5088 -5088 32 32
3465 -4989 -4989 32 32
3466 -4877 -4877 32 32
3467 -4763 -4763 32 32
3468 -4657 -4657 32 32
3469 -4564 -4564 32 32
3470 -4488 -4488 32 32
3471 -4432 -4432 32 32
3472 -4396 -4396 32 32
3473 -4378 -4378 32 32
3474 -4376 -4376 32 32
3475 -4384 -4384 32 32
3476 -4397 -4397 32 32
3477 -4412 -4412 32 32
3478 -4421 -4421 32 32
3479 -4422 -4422 32 32
3480 -4412 -4412 32 32
3481 -4389 -4389 32 32
3482 -4353 -4353 32 32
3483 -4304 -4304 32 32
3484 -4245 -4245 32 32
3485 -4179 -4179 32 32
3486 -4110 -4110 32 32
3487 -4040 -4040 32 32
3488 -3972 -3972 32 32
3489 -3911 -3911 32 32
3490 -3857 -3857 32 32
3491 -3812 -3812 32 32
3492 -3776 -3776 32 32
3493 -3748 -3748 32 32
3494 -3728 -3728 32 32
3495 -3712 -3712 32 32
3496 -3699 -3699 32 32
3497 -3687 -3687 32 32
3498 -3673 -3673 32 32
3499 -3655 -3655 32 32
3500 -3633 -3633 32 32
3501 -3605 -3605 32 32
3502 -3571 -3571 32 32
3503 -3531 -3531 32 32
3504 -3487 -3487 32 32
3505 -3438 -3438 32 32
3506 -3388 -3388 32 32
3507 -3337 -3337 32 32
3508 -3287 -3287 32 32
3509 -3240 -3240 32 32
3510 -3196 -3196 32 32
3511 -3155 -3155 32 32
3512 -3119 -3119 32 32
3513 -3086 -3086 32 32
3514 -3057 -3057 32 32
3515 -3031 -3031 32 32
3516 -3007 -3007 32 32
3517 -2983 -2983 32 32
3518 -2958 -2958 32 32
3519 -2933 -2933 32 32
3520 -2905 -2905 32 32
3521 -2876 -2876 32 32
3522 -2843 -2843 32 32
3523 -2808 -2808 32 32
3524 -2770 -2770 32 32
3525 -2731 -2731 32 32
3526 -2690 -2690 32 32
3527 -2648 -2648 32 32
3528 -2606 -2606 32 32
3529 -2565 -2565 32 32
3530 -2524 -2524 32 32
3531 -2484 -2484 32 32
3532 -2446 -2446 32 32
3533 -2409 -2409 32 32
3534 -2374 -2374 32 32
3535 -2341 -2341 32 32
3536 -2309 -2309 32 32
3537 -2280 -2280 32 32
3538 -2251 -2251 32 32
3539 -2224 -2224 32 32
3540 -2196 -2196 32 32
3541 -2167 -2167 32 32
3542 -2137 -2137 32 32
3543 -2105 -2105 32 32
3544 -2071 -2071 32 32
3545 -2036 -2036 32 32
3546 -1999 -1999 32 32
3547 -1963 -1963 32 32
3548 -1925 -1925 32 32
3549 -1888 -1888 32 32
3550 -1852 -1852 32 32
3551 -1817 -1817 32 32
3552 -1783 -1783 32 32
3553 -1750 -1750 32 32
3554 -1718 -1718 32 32
3555 -1687 -1687 32 32
3556 -1656 -1656 32 32
3557 -1625 -1625 32 32
3558 -1596 -1596 32 32
3559 -1565 -1565 32 32
3560 -1534 -1534 32 32
3561 -1502 -1502 32 32
3562 -1470 -1470 32 32
3563 -1436 -1436 32 32
3564 -1403 -1403 32 32
3565 -1369 -1369 32 32
3566 -1335 -1335 32 32
3567 -1301 -1301 32 32
3568 -1267 -1267 32 32
3569 -1233 -1233 32 32
3570 -1200 -1200 32 32
3571 -1167 -1167 32 32
3572 -1136 -1136 32 32
3573 -1104 -1104 32 32
3574 -1073 -1073 32 32
3575 -1042 -1042 32 32
3576 -1011 -1011 32 32
3577 -981 -981 32 32
3578 -950 -950 32 32
3579 -918 -918 32 32
3580 -887 -887 32 32
3581 -855 -855 32 32
3582 -822 -822 32 32
3583 -790 -790 32 32
3584 -757 -757 32 32
3585 -725 -725 32 32
3586 -693 -693 32 32
3587 -661 -661 32 32
3588 -628 -628 32 32
3589 -597 -597 32 32
3590 -565 -565 32 32
3591 -534 -534 32 32
3592 -503 -503 32 32
3593 -472 -472 32 32
3594 -441 -441 32 32
3595 -410 -410 32 32
3596 -380 -380 32 32
3597 -349 -349 32 32
3598 -318 -318 32 32
3599 -287 -287 32 32
3600 -256 -256 32 32
3601 -225 -225 32 32
3602 -194 -194 32 32
3603 -163 -163 32 32
3604 -131 -131 32 32
3605 -100 -100 32 32
3606 -69 -69 32 32
3607 -38 -38 32 32
3608 -7 -7 32 32
3609 23 23 32 32
3610 54 54 32 32
3611 85 85 32 32
3612 115 115 32 32
3613 145 145 32 32
3614 176 176 32 32
3615 206 206 32 32
3616 236 236 32 32
3617 266 266 32 32
3618 297 297 32 32
3619 327 327 32 32
3620 357 357 32 32
3621 387 387 32 32
3622 418 418 32 32
3623 448 448 32 32
3624 478 478 32 32
3625 508 508 32 32
3626 538 538 32 32
3627 568 568 32 32
3628 598 598 32 32
3629 628 628 32 32
3630 658 658 32 32
3631 688 688 32 32
3632 717 717 32 32
3633 747 747 32 32
3634 777 777 32 32
3635 806 806 32 32
3636 836 836 32 32
3637 865 865 32 32
3638 895 895 32 32
3639 924 924 32 32
3640 954 954 32 32
3641 983 983 32 32
3642 1012 1012 32 32
3643 1042 1042 32 32
3644 1071 1071 32 32
3645 1101 1101 32 32
3646 1129 1129 32 32
3647 1159 1159 32 32
3648 1188 1188 32 32
3649 1217 1217 32 32
3650 1246 1246 32 32
3651 1275 1275 32 32
3652 1304 1304 32 32
3653 1333 1333 32 32
3654 1362 1362 32 32
3655 1391 1391 32 32
3656 1419 1419 32 32
3657 1448 1448 32 32
3658 1477 1477 32 32
3659 1506 1506 32 32
3660 1534 1534 32 32
3661 1563 1563 32 32
3662 1591 1591 32 32
3663 1620 1620 32 32
3664 1648 1648 32 32
3665 1677 1677 32 32
3666 1705 1705 32 32
3667 1734 1734 32 32
3668 1762 1762 32 32
3669 1791 1791 32 32
3670 1819 1819 32 32
3671 1847 1847 32 32
3672 1875 1875 32 32
3673 1904 1904 32 32
3674 1931 1931 32 32
3675 1959 1959 32 32
3676 1986 1986 32 32
3677 2013 2013 32 32
3678 2039 2039 32 32
3679 2064 2064 32 32
3680 2088 2088 32 32
3681 2112 2112 32 32
3682 2136 2136 32 32
3683 2160 2160 32 32
3684 2186 2186 32 32
3685 2213 2213 32 32
3686 2240 2240 32 32
3687 2269 2269 32 32
3688 2299 2299 32 32
3689 2328 2328 32 32
3690 2358 2358 32 32
3691 2389 2389 32 32
3692 2420 2420 32 32
3693 2449 2449 32 32
3694 2479 2479 32 32
3695 2508 2508 32 32
3696 2537 2537 32 32
3697 2564 2564 32 32
3698 2591 2591 32 32
3699 2617 2617 32 32
3700 2642 2642 32 32
3701 2668 2668 32 32
3702 2693 2693 32 32
3703 2718 2718 32 32
3704 2743 2743 32 32
3705 2768 2768 32 32
3706 2794 2794 32 32
3707 2821 2821 32 32
3708 2847 2847 32 32
3709 2873 2873 32 32
3710 2901 2901 32 32
3711 2928 2928 32 32
3712 2956 2956 32 32
3713 2984 2984 32 32
3714 3012 3012 32 32
3715 3040 3040 32 32
3716 3068 3068 32 32
3717 3095 3095 32 32
3718 3122 3122 32 32
3719 3149 3149 32 32
3720 3176 3176 32 32
3721 3202 3202 32 32
3722 3228 3228 32 32
3723 3254 3254 32 32
3724 3280 3280 32 32
3725 3304 3304 32 32
3726 3330 3330 32 32
3727 3356 3356 32 32
3728 3381 3381 32 32
3729 3406 3406 32 32
3730 3432 3432 32 32
3731 3457 3457 32 32
3732 3483 3483 32 32
3733 3509 3509 32 32
3734 3536 3536 32 32
3735 3562 3562 32 32
3736 3588 3588 32 32
3737 3614 3614 32 32
3738 3640 3640 32 32
3739 3665 3665 32 32
3740 3690 3690 32 32
3741 3713 3713 32 32
3742 3734 3734 32 32
3743 3718 3718 32 32
3744 3608 3608 32 32
3745 3358 3358 32 32
3746 2938 2938 32 32
3747 2346 2346 32 32
3748 1630 1630 32 32
3749 854 854 32 32
3750 69 69 32 32
3751 -678 -678 32 32
3752 -1375 -1375 32 32
3753 -2013 -2013 32 32
3754 -2579 -2579 32 32
3755 -3077 -3077 32 32
3756 -3509 -3509 32 32
3757 -3869 -3869 32 32
3758 -4147 -4147 32 32
3759 -4340 -4340 32 32
3760 -4434 -4434 32 32
3761 -4412 -4412 32 32
3762 -4250 -4250 32 32
3763 -3938 -3938 32 32
3764 -3513 -3513 32 32
3765 -3007 -3007 32 32
3766 -2479 -2479 32 32
3767 -2017 -2017 32 32
3768 -1691 -1691 32 32
3769 -1536 -1536 32 32
3770 -1543 -1543 32 32
3771 -1684 -1684 32 32
3772 -1915 -1915 32 32
3773 -2211 -2211 32 32
3774 -2556 -2556 32 32
3775 -2925 -2925 32 32
3776 -3289 -3289 32 32
3777 -3642 -3642 32 32
3778 -3981 -3981 32 32
3779 -4312 -4312 32 32
3780 -4637 -4637 32 32
3781 -4942 -4942 32 32
3782 -5226 -5226 32 32
3783 -5492 -5492 32 32
3784 -5739 -5739 32 32
3785 -5969 -5969 32 32
3786 -6189 -6189 32 32
3787 -6405 -6405 32 32
3788 -6613 -6613 32 32
3789 -6808 -6808 32 32
3790 -6989 -6989 32 32
3791 -7156 -7156 32 32
3792 -7310 -7310 32 32
3793 -7451 -7451 32 32
3794 -7579 -7579 32 32
3795 -7692 -7692 32 32
3796 -7791 -7791 32 32
3797 -7874 -7874 32 32
3798 -7942 -7942 32 32
3799 -7995 -7995 32 32
3800 -8027 -8027 32 32
3801 -8035 -8035 32 32
3802 -8015 -8015 32 32
3803 -7953 -7953 32 32
3804 -7827 -7827 32 32
3805 -7618 -7618 32 32
3806 -7275 -7275 32 32
3807 -6746 -6746 32 32
3808 -5996 -5996 32 32
3809 -5041 -5041 32 32
3810 -3957 -3957 32 32
3811 -2840 -2840 32 32
3812 -1788 -1788 32 32
3813 -871 -871 32 32
3814 -145 -145 32 32
3815 365 365 32 32
3816 649 649 32 32
3817 716 716 32 32
3818 595 595 32 32
3819 325 325 32 32
3820 -51 -51 32 32
3821 -495 -495 32 32
3822 -961 -961 32 32
3823 -1419 -1419 32 32
3824 -1855 -1855 32 32
3825 -2257 -2257 32 32
3826 -2621 -2621 32 32
3827 -2928 -2928 32 32
3828 -3168 -3168 32 32
3829 -3331 -3331 32 32
3830 -3398 -3398 32 32
3831 -3362 -3362 32 32
3832 -3223 -3223 32 32
3833 -2992 -2992 32 32
3834 -2679 -2679 32 32
3835 -2305 -2305 32 32
3836 -1901 -1901 32 32
3837 -1507 -1507 32 32
3838 -1157 -1157 32 32
3839 -873 -873 32 32
3840 -668 -668 32 32
3841 -549 -549 32 32
3842 -515 -515 32 32
3843 -559 -559 32 32
3844 -667 -667 32 32
3845 -824 -824 32 32
3846 -1013 -1013 32 32
3847 -1215 -1215 32 32
3848 -1412 -1412 32 32
3849 -1590 -1590 32 32
3850 -1741 -1741 32 32
3851 -1855 -1855 32 32
3852 -1926 -1926 32 32
3853 -1951 -1951 32 32
3854 -1924 -1924 32 32
3855 -1844 -1844 32 32
3856 -1719 -1719 32 32
3857 -1561 -1561 32 32
3858 -1382 -1382 32 32
3859 -1196 -1196 32 32
3860 -1015 -1015 32 32
3861 -851 -851 32 32
3862 -712 -712 32 32
3863 -606 -606 32 32
3864 -536 -536 32 32
3865 -504 -504 32 32
3866 -506 -506 32 32
3867 -538 -538 32 32
3868 -595 -595 32 32
3869 -667 -667 32 32
3870 -747 -747 32 32
3871 -825 -825 32 32
3872 -896 -896 32 32
3873 -950 -950 32 32
3874 -985 -985 32 32
3875 -996 -996 32 32
3876 -982 -982 32 32
3877 -945 -945 32 32
3878 -886 -886 32 32
3879 -810 -810 32 32
3880 -721 -721 32 32
3881 -625 -625 32 32
3882 -528 -528 32 32
3883 -434 -434 32 32
3884 -350 -350 32 32
3885 -277 -277 32 32
3886 -220 -220 32 32
3887 -179 -179 32 32
3888 -154 -154 32 32
3889 -144 -144 32 32
3890 -148 -148 32 32
3891 -160 -160 32 32
3892 -180 -180 32 32
3893 -202 -202 32 32
3894 -223 -223 32 32
3895 -240 -240 32 32
3896 -250 -250 32 32
3897 -251 -251 32 32
3898 -241 -241 32 32
3899 -221 -221 32 32
3900 -190 -190 32 32
3901 -149 -149 32 32
3902 -102 -102 32 32
3903 -48 -48 32 32
3904 9 9 32 32
3905 65 65 32 32
3906 121 121 32 32
3907 172 172 32 32
3908 219 219 32 32
3909 258 258 32 32
3910 291 291 32 32
3911 317 317 32 32
3912 335 335 32 32
3913 348 348 32 32
3914 356 356 32 32
3915 361 361 32 32
3916 364 364 32 32
3917 368 368 32 32
3918 373 373 32 32
3919 382 382 32 32
3920 393 393 32 32
3921 409 409 32 32
3922 431 431 32 32
3923 456 456 32 32
3924 486 486 32 32
3925 520 520 32 32
3926 557 557 32 32
3927 595 595 32 32
3928 633 633 32 32
3929 672 672 32 32
3930 709 709 32 32
3931 743 743 32 32
3932 776 776 32 32
3933 805 805 32 32
3934 830 830 32 32
3935 853 853 32 32
3936 873 873 32 32
3937 891 891 32 32
3938 906 906 32 32
3939 921 921 32 32
3940 936 936 32 32
3941 950 950 32 32
3942 966 966 32 32
3943 983 983 32 32
3944 1002 1002 32 32
3945 1023 1023 32 32
3946 1046 1046 32 32
3947 1071 1071 32 32
3948 1098 1098 32 32
3949 1126 1126 32 32
3950 1156 1156 32 32
3951 1186 1186 32 32
3952 1215 1215 32 32
3953 1245 1245 32 32
3954 1274 1274 32 32
3955 1302 1302 32 32
3956 1329 1329 32 32
3957 1354 1354 32 32
3958 1378 1378 32 32
3959 1401 1401 32 32
3960 1422 1422 32 32
3961 1442 1442 32 32
3962 1462 1462 32 32
3963 1480 1480 32 32
3964 1499 1499 32 32
3965 1519 1519 32 32
3966 1538 1538 32 32
3967 1558 1558 32 32
3968 1578 1578 32 32
3969 1599 1599 32 32
3970 1620 1620 32 32
3971 1642 1642 32 32
3972 1665 1665 32 32
3973 1686 1686 32 32
3974 1707 1707 32 32
3975 1729 1729 32 32
3976 1751 1751 32 32
3977 1774 1774 32 32
3978 1797 1797 32 32
3979 1821 1821 32 32
3980 1845 1845 32 32
3981 1870 1870 32 32
3982 1895 1895 32 32
3983 1920 1920 32 32
