0 0 0 32 32
1 0 0 32 32
2 0 0 32 32
3 0 0 32 32
4 0 0 32 32
5 0 0 32 32
6 0 0 32 32
7 0 0 32 32
8 0 0 32 32
9 0 0 32 32
10 0 0 32 32
11 0 0 32 32
12 0 0 32 32
13 0 0 32 32
14 0 0 32 32
15 0 0 32 32
16 0 0 32 32
17 0 0 32 32
18 0 0 32 32
19 0 0 32 32
20 0 0 32 32
21 0 0 32 32
22 0 0 32 32
23 0 0 32 32
24 0 0 32 32
25 0 0 32 32
26 0 0 32 32
27 0 0 32 32
28 0 0 32 32
29 0 0 32 32
30 0 0 32 32
31 0 0 32 32
32 0 0 32 32
33 0 0 32 32
34 0 0 32 32
35 0 0 32 32
36 0 0 32 32
37 0 0 32 32
38 0 0 32 32
39 0 0 32 32
40 0 0 32 32
41 0 0 32 32
42 0 0 32 32
43 0 0 32 32
44 0 0 32 32
45 0 0 32 32
46 0 0 32 32
47 0 0 32 32
48 0 0 32 32
49 0 0 32 32
50 0 0 32 32
51 0 0 32 32
52 0 0 32 32
53 0 0 32 32
54 0 0 32 32
55 0 0 32 32
56 0 0 32 32
57 0 0 32 32
58 0 0 32 32
59 0 0 32 32
60 0 0 32 32
61 0 0 32 32
62 0 0 32 32
63 0 0 32 32
64 0 0 32 32
65 0 0 32 32
66 0 0 32 32
67 0 0 32 32
68 0 0 32 32
69 0 0 32 32
70 0 0 32 32
71 0 0 32 32
72 0 0 32 32
73 0 0 32 32
74 0 0 32 32
75 0 0 32 32
76 0 0 32 32
77 0 0 32 32
78 0 0 32 32
79 0 0 32 32
80 0 0 32 32
81 0 0 32 32
82 0 0 32 32
83 0 0 32 32
84 0 0 32 32
85 0 0 32 32
86 0 0 32 32
87 0 0 32 32
88 0 0 32 32
89 0 0 32 32
90 0 0 32 32
91 0 0 32 32
92 0 0 32 32
93 0 0 32 32
94 0 0 32 32
95 0 0 32 32
96 0 0 32 32
97 0 0 32 32
98 0 0 32 32
99 0 0 32 32
100 0 0 32 32
101 0 0 32 32
102 0 0 32 32
103 0 0 32 32
104 0 0 32 32
105 0 0 32 32
106 0 0 32 32
107 0 0 32 32
108 0 0 32 32
109 0 0 32 32
110 0 0 32 32
111 0 0 32 32
112 0 0 32 32
113 0 0 32 32
114 0 0 32 32
115 0 0 32 32
116 0 0 32 32
117 0 0 32 32
118 0 0 32 32
119 0 0 32 32
120 0 0 32 32
121 0 0 32 32
122 0 0 32 32
123 0 0 32 32
124 0 0 32 32
125 0 0 32 32
126 0 0 32 32
127 0 0 32 32
128 0 0 32 32
129 0 0 32 32
130 0 0 32 32
131 0 0 32 32
132 0 0 32 32
133 0 0 32 32
134 0 0 32 32
135 0 0 32 32
136 0 0 32 32
137 0 0 32 32
138 0 0 32 32
139 0 0 32 32
140 0 0 32 32
141 0 0 32 32
142 0 0 32 32
143 0 0 32 32
144 0 0 32 32
145 0 0 32 32
146 0 0 32 32
147 0 0 32 32
148 0 0 32 32
149 0 0 32 32
150 0 0 32 32
151 0 0 32 32
152 0 0 32 32
153 0 0 32 32
154 0 0 32 32
155 0 0 32 32
156 0 0 32 32
157 0 0 32 32
158 0 0 32 32
159 0 0 32 32
160 0 0 32 32
161 0 0 32 32
162 0 0 32 32
163 0 0 32 32
164 0 0 32 32
165 0 0 32 32
166 0 0 32 32
167 0 0 32 32
168 0 0 32 32
169 0 0 32 32
170 0 0 32 32
171 0 0 32 32
172 0 0 32 32
173 0 0 32 32
174 0 0 32 32
175 0 0 32 32
176 0 0 32 32
177 0 0 32 32
178 0 0 32 32
179 0 0 32 32
180 0 0 32 32
181 0 0 32 32
182 0 0 32 32
183 0 0 32 32
184 0 0 32 32
185 0 0 32 32
186 0 0 32 32
187 0 0 32 32
188 0 0 32 32
189 0 0 32 32
190 0 0 32 32
191 0 0 32 32
192 0 0 32 32
193 0 0 32 32
194 0 0 32 32
195 0 0 32 32
196 0 0 32 32
197 0 0 32 32
198 0 0 32 32
199 0 0 32 32
200 0 0 32 32
201 0 0 32 32
202 0 0 32 32
203 0 0 32 32
204 0 0 32 32
205 0 0 32 32
206 0 0 32 32
207 0 0 32 32
208 0 0 32 32
209 0 0 32 32
210 0 0 32 32
211 0 0 32 32
212 0 0 32 32
213 0 0 32 32
214 0 0 32 32
215 0 0 32 32
216 0 0 32 32
217 0 0 32 32
218 0 0 32 32
219 0 0 32 32
220 0 0 32 32
221 0 0 32 32
222 0 0 32 32
223 0 0 32 32
224 0 0 32 32
225 0 0 32 32
226 0 0 32 32
227 0 0 32 32
228 0 0 32 32
229 0 0 32 32
230 0 0 32 32
231 0 0 32 32
232 0 0 32 32
233 0 0 32 32
234 0 0 32 32
235 0 0 32 32
236 0 0 32 32
237 0 0 32 32
238 0 0 32 32
239 0 0 32 32
240 0 0 32 32
241 0 0 32 32
242 0 0 32 32
243 0 0 32 32
244 0 0 32 32
245 0 0 32 32
246 0 0 32 32
247 0 0 32 32
248 0 0 32 32
249 0 0 32 32
250 0 0 32 32
251 0 0 32 32
252 0 0 32 32
253 0 0 32 32
254 0 0 32 32
255 0 0 32 32
256 0 0 32 32
257 0 0 32 32
258 0 0 32 32
259 0 0 32 32
260 0 0 32 32
261 0 0 32 32
262 0 0 32 32
263 0 0 32 32
264 0 0 32 32
265 0 0 32 32
266 0 0 32 32
267 0 0 32 32
268 0 0 32 32
269 0 0 32 32
270 0 0 32 32
271 0 0 32 32
272 0 0 32 32
273 0 0 32 32
274 0 0 32 32
275 0 0 32 32
276 0 0 32 32
277 0 0 32 32
278 0 0 32 32
279 0 0 32 32
280 0 0 32 32
281 0 0 32 32
282 0 0 32 32
283 0 0 32 32
284 0 0 32 32
285 0 0 32 32
286 0 0 32 32
287 0 0 32 32
288 0 0 32 32
289 0 0 32 32
290 0 0 32 32
291 0 0 32 32
292 0 0 32 32
293 0 0 32 32
294 0 0 32 32
295 0 0 32 32
296 0 0 32 32
297 0 0 32 32
298 0 0 32 32
299 0 0 32 32
300 0 0 32 32
301 0 0 32 32
302 0 0 32 32
303 0 0 32 32
304 0 0 32 32
305 0 0 32 32
306 0 0 32 32
307 0 0 32 32
308 0 0 32 32
309 0 0 32 32
310 0 0 32 32
311 0 0 32 32
312 0 0 32 32
313 0 0 32 32
314 0 0 32 32
315 0 0 32 32
316 0 0 32 32
317 0 0 32 32
318 0 0 32 32
319 0 0 32 32
320 0 0 32 32
321 0 0 32 32
322 0 0 32 32
323 0 0 32 32
324 0 0 32 32
325 0 0 32 32
326 0 0 32 32
327 0 0 32 32
328 0 0 32 32
329 0 0 32 32
330 0 0 32 32
331 0 0 32 32
332 0 0 32 32
333 0 0 32 32
334 0 0 32 32
335 0 0 32 32
336 0 0 32 32
337 0 0 32 32
338 0 0 32 32
339 0 0 32 32
340 0 0 32 32
341 0 0 32 32
342 0 0 32 32
343 0 0 32 32
344 0 0 32 32
345 0 0 32 32
346 0 0 32 32
347 0 0 32 32
348 0 0 32 32
349 0 0 32 32
350 0 0 32 32
351 0 0 32 32
352 0 0 32 32
353 0 0 32 32
354 0 0 32 32
355 0 0 32 32
356 0 0 32 32
357 0 0 32 32
358 0 0 32 32
359 0 0 32 32
360 0 0 32 32
361 0 0 32 32
362 0 0 32 32
363 0 0 32 32
364 0 0 32 32
365 0 0 32 32
366 0 0 32 32
367 0 0 32 32
368 0 0 32 32
369 0 0 32 32
370 0 0 32 32
371 0 0 32 32
372 0 0 32 32
373 0 0 32 32
374 0 0 32 32
375 0 0 32 32
376 0 0 32 32
377 0 0 32 32
378 0 0 32 32
379 0 0 32 32
380 0 0 32 32
381 0 0 32 32
382 0 0 32 32
383 0 0 32 32
384 0 0 32 32
385 0 0 32 32
386 0 0 32 32
387 0 0 32 32
388 0 0 32 32
389 0 0 32 32
390 0 0 32 32
391 0 0 32 32
392 0 0 32 32
393 0 0 32 32
394 0 0 32 32
395 0 0 32 32
396 0 0 32 32
397 0 0 32 32
398 0 0 32 32
399 0 0 32 32
400 0 0 32 32
401 0 0 32 32
402 0 0 32 32
403 0 0 32 32
404 0 0 32 32
405 0 0 32 32
406 0 0 32 32
407 0 0 32 32
408 0 0 32 32
409 0 0 32 32
410 0 0 32 32
411 0 0 32 32
412 0 0 32 32
413 0 0 32 32
414 0 0 32 32
415 0 0 32 32
416 0 0 32 32
417 0 0 32 32
418 0 0 32 32
419 0 0 32 32
420 0 0 32 32
421 0 0 32 32
422 0 0 32 32
423 0 0 32 32
424 0 0 32 32
425 0 0 32 32
426 0 0 32 32
427 0 0 32 32
428 0 0 32 32
429 0 0 32 32
430 0 0 32 32
431 0 0 32 32
432 0 0 32 32
433 0 0 32 32
434 0 0 32 32
435 0 0 32 32
436 0 0 32 32
437 0 0 32 32
438 0 0 32 32
439 0 0 32 32
440 0 0 32 32
441 0 0 32 32
442 0 0 32 32
443 0 0 32 32
444 0 0 32 32
445 0 0 32 32
446 0 0 32 32
447 0 0 32 32
448 0 0 32 32
449 0 0 32 32
450 0 0 32 32
451 0 0 32 32
452 0 0 32 32
453 0 0 32 32
454 0 0 32 32
455 0 0 32 32
456 0 0 32 32
457 0 0 32 32
458 0 0 32 32
459 0 0 32 32
460 0 0 32 32
461 0 0 32 32
462 0 0 32 32
463 0 0 32 32
464 0 0 32 32
465 0 0 32 32
466 0 0 32 32
467 0 0 32 32
468 0 0 32 32
469 0 0 32 32
470 0 0 32 32
471 0 0 32 32
472 0 0 32 32
473 0 0 32 32
474 0 0 32 32
475 0 0 32 32
476 0 0 32 32
477 0 0 32 32
478 0 0 32 32
479 0 0 32 32
480 0 0 32 32
481 0 0 32 32
482 0 0 32 32
483 0 0 32 32
484 0 0 32 32
485 0 0 32 32
486 0 0 32 32
487 0 0 32 32
488 0 0 32 32
489 0 0 32 32
490 0 0 32 32
491 0 0 32 32
492 0 0 32 32
493 0 0 32 32
494 0 0 32 32
495 0 0 32 32
496 0 0 32 32
497 0 0 32 32
498 0 0 32 32
499 0 0 32 32
500 0 0 32 32
501 0 0 32 32
502 0 0 32 32
503 0 0 32 32
504 0 0 32 32
505 0 0 32 32
506 0 0 32 32
507 0 0 32 32
508 0 0 32 32
509 0 0 32 32
510 0 0 32 32
511 0 0 32 32
512 0 0 32 32
513 0 0 32 32
514 0 0 32 32
515 0 0 32 32
516 0 0 32 32
517 0 0 32 32
518 0 0 32 32
519 0 0 32 32
520 0 0 32 32
521 0 0 32 32
522 0 0 32 32
523 0 0 32 32
524 0 0 32 32
525 0 0 32 32
526 0 0 32 32
527 0 0 32 32
528 0 0 32 32
529 0 0 32 32
530 0 0 32 32
531 0 0 32 32
532 0 0 32 32
533 0 0 32 32
534 0 0 32 32
535 0 0 32 32
536 0 0 32 32
537 0 0 32 32
538 0 0 32 32
539 0 0 32 32
540 0 0 32 32
541 0 0 32 32
542 0 0 32 32
543 0 0 32 32
544 0 0 32 32
545 0 0 32 32
546 0 0 32 32
547 0 0 32 32
548 0 0 32 32
549 0 0 32 32
550 0 0 32 32
551 0 0 32 32
552 0 0 32 32
553 0 0 32 32
554 0 0 32 32
555 0 0 32 32
556 0 0 32 32
557 0 0 32 32
558 0 0 32 32
559 0 0 32 32
560 0 0 32 32
561 0 0 32 32
562 0 0 32 32
563 0 0 32 32
564 0 0 32 32
565 0 0 32 32
566 0 0 32 32
567 0 0 32 32
568 0 0 32 32
569 0 0 32 32
570 0 0 32 32
571 0 0 32 32
572 0 0 32 32
573 0 0 32 32
574 0 0 32 32
575 0 0 32 32
576 0 0 32 32
577 0 0 32 32
578 0 0 32 32
579 0 0 32 32
580 0 0 32 32
581 0 0 32 32
582 0 0 32 32
583 0 0 32 32
584 0 0 32 32
585 0 0 32 32
586 0 0 32 32
587 0 0 32 32
588 0 0 32 32
589 0 0 32 32
590 0 0 32 32
591 0 0 32 32
592 0 0 32 32
593 0 0 32 32
594 0 0 32 32
595 0 0 32 32
596 0 0 32 32
597 0 0 32 32
598 0 0 32 32
599 0 0 32 32
600 0 0 32 32
601 0 0 32 32
602 0 0 32 32
603 0 0 32 32
604 0 0 32 32
605 0 0 32 32
606 0 0 32 32
607 0 0 32 32
608 0 0 32 32
609 0 0 32 32
610 0 0 32 32
611 0 0 32 32
612 0 0 32 32
613 0 0 32 32
614 0 0 32 32
615 0 0 32 32
616 0 0 32 32
617 0 0 32 32
618 0 0 32 32
619 0 0 32 32
620 0 0 32 32
621 0 0 32 32
622 0 0 32 32
623 0 0 32 32
624 0 0 32 32
625 0 0 32 32
626 0 0 32 32
627 0 0 32 32
628 0 0 32 32
629 0 0 32 32
630 0 0 32 32
631 0 0 32 32
632 0 0 32 32
633 0 0 32 32
634 0 0 32 32
635 0 0 32 32
636 0 0 32 32
637 0 0 32 32
638 0 0 32 32
639 0 0 32 32
640 0 0 32 32
641 0 0 32 32
642 0 0 32 32
643 0 0 32 32
644 0 0 32 32
645 0 0 32 32
646 0 0 32 32
647 0 0 32 32
648 0 0 32 32
649 0 0 32 32
650 0 0 32 32
651 0 0 32 32
652 0 0 32 32
653 0 0 32 32
654 0 0 32 32
655 0 0 32 32
656 0 0 32 32
657 0 0 32 32
658 0 0 32 32
659 0 0 32 32
660 0 0 32 32
661 0 0 32 32
662 0 0 32 32
663 0 0 32 32
664 0 0 32 32
665 0 0 32 32
666 0 0 32 32
667 0 0 32 32
668 0 0 32 32
669 0 0 32 32
670 0 0 32 32
671 0 0 32 32
672 0 0 32 32
673 0 0 32 32
674 0 0 32 32
675 0 0 32 32
676 0 0 32 32
677 0 0 32 32
678 0 0 32 32
679 0 0 32 32
680 0 0 32 32
681 0 0 32 32
682 0 0 32 32
683 0 0 32 32
684 0 0 32 32
685 0 0 32 32
686 0 0 32 32
687 0 0 32 32
688 0 0 32 32
689 0 0 32 32
690 0 0 32 32
691 0 0 32 32
692 0 0 32 32
693 0 0 32 32
694 0 0 32 32
695 0 0 32 32
696 0 0 32 32
697 0 0 32 32
698 0 0 32 32
699 0 0 32 32
700 0 0 32 32
701 0 0 32 32
702 0 0 32 32
703 0 0 32 32
704 0 0 32 32
705 0 0 32 32
706 0 0 32 32
707 0 0 32 32
708 0 0 32 32
709 0 0 32 32
710 0 0 32 32
711 0 0 32 32
712 0 0 32 32
713 0 0 32 32
714 0 0 32 32
715 0 0 32 32
716 0 0 32 32
717 0 0 32 32
718 0 0 32 32
719 0 0 32 32
720 0 0 32 32
721 0 0 32 32
722 0 0 32 32
723 0 0 32 32
724 0 0 32 32
725 0 0 32 32
726 0 0 32 32
727 0 0 32 32
728 0 0 32 32
729 0 0 32 32
730 0 0 32 32
731 0 0 32 32
732 0 0 32 32
733 0 0 32 32
734 0 0 32 32
735 0 0 32 32
736 0 0 32 32
737 0 0 32 32
738 0 0 32 32
739 0 0 32 32
740 0 0 32 32
741 0 0 32 32
742 0 0 32 32
743 0 0 32 32
744 0 0 32 32
745 0 0 32 32
746 0 0 32 32
747 0 0 32 32
748 0 0 32 32
749 0 0 32 32
750 0 0 32 32
751 0 0 32 32
752 0 0 32 32
753 0 0 32 32
754 0 0 32 32
755 0 0 32 32
756 0 0 32 32
757 0 0 32 32
758 0 0 32 32
759 0 0 32 32
760 0 0 32 32
761 0 0 32 32
762 0 0 32 32
763 0 0 32 32
764 0 0 32 32
765 0 0 32 32
766 0 0 32 32
767 0 0 32 32
768 0 0 32 32
769 0 0 32 32
770 0 0 32 32
771 0 0 32 32
772 0 0 32 32
773 0 0 32 32
774 0 0 32 32
775 0 0 32 32
776 0 0 32 32
777 0 0 32 32
778 0 0 32 32
779 0 0 32 32
780 0 0 32 32
781 0 0 32 32
782 0 0 32 32
783 0 0 32 32
784 0 0 32 32
785 0 0 32 32
786 0 0 32 32
787 0 0 32 32
788 0 0 32 32
789 0 0 32 32
790 0 0 32 32
791 0 0 32 32
792 0 0 32 32
793 0 0 32 32
794 0 0 32 32
795 0 0 32 32
796 0 0 32 32
797 0 0 32 32
798 0 0 32 32
799 0 0 32 32
800 0 0 32 32
801 0 0 32 32
802 0 0 32 32
803 0 0 32 32
804 0 0 32 32
805 0 0 32 32
806 0 0 32 32
807 0 0 32 32
808 0 0 32 32
809 0 0 32 32
810 0 0 32 32
811 0 0 32 32
812 0 0 32 32
813 0 0 32 32
814 0 0 32 32
815 0 0 32 32
816 0 0 32 32
817 0 0 32 32
818 0 0 32 32
819 0 0 32 32
820 0 0 32 32
821 0 0 32 32
822 0 0 32 32
823 0 0 32 32
824 0 0 32 32
825 0 0 32 32
826 0 0 32 32
827 0 0 32 32
828 0 0 32 32
829 0 0 32 32
830 0 0 32 32
831 0 0 32 32
832 0 0 32 32
833 0 0 32 32
834 0 0 32 32
835 0 0 32 32
836 0 0 32 32
837 0 0 32 32
838 0 0 32 32
839 0 0 32 32
840 0 0 32 32
841 0 0 32 32
842 0 0 32 32
843 0 0 32 32
844 0 0 32 32
845 0 0 32 32
846 0 0 32 32
847 0 0 32 32
848 0 0 32 32
849 0 0 32 32
850 0 0 32 32
851 0 0 32 32
852 0 0 32 32
853 0 0 32 32
854 0 0 32 32
855 0 0 32 32
856 0 0 32 32
857 0 0 32 32
858 0 0 32 32
859 0 0 32 32
860 0 0 32 32
861 0 0 32 32
862 0 0 32 32
863 0 0 32 32
864 0 0 32 32
865 0 0 32 32
866 0 0 32 32
867 0 0 32 32
868 0 0 32 32
869 0 0 32 32
870 0 0 32 32
871 0 0 32 32
872 0 0 32 32
873 0 0 32 32
874 0 0 32 32
875 0 0 32 32
876 0 0 32 32
877 0 0 32 32
878 0 0 32 32
879 0 0 32 32
880 0 0 32 32
881 0 0 32 32
882 0 0 32 32
883 0 0 32 32
884 0 0 32 32
885 0 0 32 32
886 0 0 32 32
887 0 0 32 32
888 0 0 32 32
889 0 0 32 32
890 0 0 32 32
891 0 0 32 32
892 0 0 32 32
893 0 0 32 32
894 0 0 32 32
895 0 0 32 32
896 0 0 32 32
897 0 0 32 32
898 0 0 32 32
899 0 0 32 32
900 0 0 32 32
901 0 0 32 32
902 0 0 32 32
903 0 0 32 32
904 0 0 32 32
905 0 0 32 32
906 0 0 32 32
907 0 0 32 32
908 0 0 32 32
909 0 0 32 32
910 0 0 32 32
911 0 0 32 32
912 0 0 32 32
913 0 0 32 32
914 0 0 32 32
915 0 0 32 32
916 0 0 32 32
917 0 0 32 32
918 0 0 32 32
919 0 0 32 32
920 0 0 32 32
921 0 0 32 32
922 0 0 32 32
923 0 0 32 32
924 0 0 32 32
925 0 0 32 32
926 0 0 32 32
927 0 0 32 32
928 0 0 32 32
929 0 0 32 32
930 0 0 32 32
931 0 0 32 32
932 0 0 32 32
933 0 0 32 32
934 0 0 32 32
935 0 0 32 32
936 0 0 32 32
937 0 0 32 32
938 0 0 32 32
939 0 0 32 32
940 0 0 32 32
941 0 0 32 32
942 0 0 32 32
943 0 0 32 32
944 0 0 32 32
945 0 0 32 32
946 0 0 32 32
947 0 0 32 32
948 0 0 32 32
949 0 0 32 32
950 0 0 32 32
951 0 0 32 32
952 0 0 32 32
953 0 0 32 32
954 0 0 32 32
955 0 0 32 32
956 0 0 32 32
957 0 0 32 32
958 0 0 32 32
959 0 0 32 32
960 0 0 32 32
961 0 0 32 32
962 0 0 32 32
963 0 0 32 32
964 0 0 32 32
965 0 0 32 32
966 0 0 32 32
967 0 0 32 32
968 0 0 32 32
969 0 0 32 32
970 0 0 32 32
971 0 0 32 32
972 0 0 32 32
973 0 0 32 32
974 0 0 32 32
975 0 0 32 32
976 0 0 32 32
977 0 0 32 32
978 0 0 32 32
979 0 0 32 32
980 0 0 32 32
981 0 0 32 32
982 0 0 32 32
983 0 0 32 32
984 0 0 32 32
985 0 0 32 32
986 0 0 32 32
987 0 0 32 32
988 0 0 32 32
989 0 0 32 32
990 0 0 32 32
991 0 0 32 32
992 0 0 32 32
993 0 0 32 32
994 0 0 32 32
995 0 0 32 32
996 0 0 32 32
997 0 0 32 32
998 0 0 32 32
999 0 0 32 32
1000 0 0 32 32
1001 0 0 32 32
1002 0 0 32 32
1003 0 0 32 32
1004 0 0 32 32
1005 0 0 32 32
1006 0 0 32 32
1007 0 0 32 32
1008 0 0 32 32
1009 0 0 32 32
1010 0 0 32 32
1011 0 0 32 32
1012 0 0 32 32
1013 0 0 32 32
1014 0 0 32 32
1015 0 0 32 32
1016 0 0 32 32
1017 0 0 32 32
1018 0 0 32 32
1019 0 0 32 32
1020 0 0 32 32
1021 0 0 32 32
1022 0 0 32 32
1023 0 0 32 32
1024 0 0 32 32
1025 0 0 32 32
1026 0 0 32 32
1027 0 0 32 32
1028 0 0 32 32
1029 0 0 32 32
1030 0 0 32 32
1031 0 0 32 32
1032 0 0 32 32
1033 0 0 32 32
1034 0 0 32 32
1035 0 0 32 32
1036 0 0 32 32
1037 0 0 32 32
1038 0 0 32 32
1039 0 0 32 32
1040 0 0 32 32
1041 0 0 32 32
1042 0 0 32 32
1043 0 0 32 32
1044 0 0 32 32
1045 0 0 32 32
1046 0 0 32 32
1047 0 0 32 32
1048 0 0 32 32
1049 0 0 32 32
1050 0 0 32 32
1051 0 0 32 32
1052 0 0 32 32
1053 0 0 32 32
1054 0 0 32 32
1055 0 0 32 32
1056 0 0 32 32
1057 0 0 32 32
1058 0 0 32 32
1059 0 0 32 32
1060 0 0 32 32
1061 0 0 32 32
1062 0 0 32 32
1063 0 0 32 32
1064 0 0 32 32
1065 0 0 32 32
1066 0 0 32 32
1067 0 0 32 32
1068 0 0 32 32
1069 0 0 32 32
1070 0 0 32 32
1071 0 0 32 32
1072 0 0 32 32
1073 0 0 32 32
1074 0 0 32 32
1075 0 0 32 32
1076 0 0 32 32
1077 0 0 32 32
1078 0 0 32 32
1079 0 0 32 32
1080 0 0 32 32
1081 0 0 32 32
1082 0 0 32 32
1083 0 0 32 32
1084 0 0 32 32
1085 0 0 32 32
1086 0 0 32 32
1087 0 0 32 32
1088 0 0 32 32
1089 0 0 32 32
1090 0 0 32 32
1091 0 0 32 32
1092 0 0 32 32
1093 0 0 32 32
1094 0 0 32 32
1095 0 0 32 32
1096 0 0 32 32
1097 0 0 32 32
1098 0 0 32 32
1099 0 0 32 32
1100 0 0 32 32
1101 0 0 32 32
1102 0 0 32 32
1103 0 0 32 32
1104 0 0 32 32
1105 0 0 32 32
1106 0 0 32 32
1107 0 0 32 32
1108 0 0 32 32
1109 0 0 32 32
1110 0 0 32 32
1111 0 0 32 32
1112 0 0 32 32
1113 0 0 32 32
1114 0 0 32 32
1115 0 0 32 32
1116 0 0 32 32
1117 0 0 32 32
1118 0 0 32 32
1119 0 0 32 32
1120 0 0 32 32
1121 0 0 32 32
1122 0 0 32 32
1123 0 0 32 32
1124 0 0 32 32
1125 0 0 32 32
1126 0 0 32 32
1127 0 0 32 32
1128 0 0 32 32
1129 0 0 32 32
1130 0 0 32 32
1131 0 0 32 32
1132 0 0 32 32
1133 0 0 32 32
1134 0 0 32 32
1135 0 0 32 32
1136 0 0 32 32
1137 0 0 32 32
1138 0 0 32 32
1139 0 0 32 32
1140 0 0 32 32
1141 0 0 32 32
1142 0 0 32 32
1143 0 0 32 32
1144 0 0 32 32
1145 0 0 32 32
1146 0 0 32 32
1147 0 0 32 32
1148 0 0 32 32
1149 0 0 32 32
1150 0 0 32 32
1151 0 0 32 32
1152 0 0 32 32
1153 0 0 32 32
1154 0 0 32 32
1155 0 0 32 32
1156 0 0 32 32
1157 0 0 32 32
1158 0 0 32 32
1159 0 0 32 32
1160 0 0 32 32
1161 0 0 32 32
1162 0 0 32 32
1163 0 0 32 32
1164 0 0 32 32
1165 0 0 32 32
1166 0 0 32 32
1167 0 0 32 32
1168 0 0 32 32
1169 0 0 32 32
1170 0 0 32 32
1171 0 0 32 32
1172 0 0 32 32
1173 0 0 32 32
1174 0 0 32 32
1175 0 0 32 32
1176 0 0 32 32
1177 0 0 32 32
1178 0 0 32 32
1179 0 0 32 32
1180 0 0 32 32
1181 0 0 32 32
1182 0 0 32 32
1183 0 0 32 32
1184 0 0 32 32
1185 0 0 32 32
1186 0 0 32 32
1187 0 0 32 32
1188 0 0 32 32
1189 0 0 32 32
1190 0 0 32 32
1191 0 0 32 32
1192 0 0 32 32
1193 0 0 32 32
1194 0 0 32 32
1195 0 0 32 32
1196 0 0 32 32
1197 0 0 32 32
1198 0 0 32 32
1199 0 0 32 32
1200 0 0 32 32
1201 0 0 32 32
1202 0 0 32 32
1203 0 0 32 32
1204 0 0 32 32
1205 0 0 32 32
1206 0 0 32 32
1207 0 0 32 32
1208 0 0 32 32
1209 0 0 32 32
1210 0 0 32 32
1211 0 0 32 32
1212 0 0 32 32
1213 0 0 32 32
1214 0 0 32 32
1215 0 0 32 32
1216 0 0 32 32
1217 0 0 32 32
1218 0 0 32 32
1219 0 0 32 32
1220 0 0 32 32
1221 0 0 32 32
1222 0 0 32 32
1223 0 0 32 32
1224 0 0 32 32
1225 0 0 32 32
1226 0 0 32 32
1227 0 0 32 32
1228 0 0 32 32
1229 0 0 32 32
1230 0 0 32 32
1231 0 0 32 32
1232 0 0 32 32
1233 0 0 32 32
1234 -15 -15 32 32
1235 -30 -30 32 32
1236 -43 -43 32 32
1237 -55 -55 32 32
1238 -65 -65 32 32
1239 -73 -73 32 32
1240 -80 -80 32 32
1241 -87 -87 32 32
1242 -93 -93 32 32
1243 -97 -97 32 32
1244 -99 -99 32 32
1245 -100 -100 32 32
1246 -103 -103 32 32
1247 -103 -103 32 32
1248 -104 -104 32 32
1249 -103 -103 32 32
1250 -99 -99 32 32
1251 -95 -95 32 32
1252 -91 -91 32 32
1253 -87 -87 32 32
1254 -82 -82 32 32
1255 -77 -77 32 32
1256 -68 -68 32 32
1257 -59 -59 32 32
1258 -50 -50 32 32
1259 -40 -40 32 32
1260 -30 -30 32 32
1261 -18 -18 32 32
1262 -6 -6 32 32
1263 7 7 32 32
1264 21 21 32 32
1265 36 36 32 32
1266 51 51 32 32
1267 68 68 32 32
1268 85 85 32 32
1269 103 103 32 32
1270 120 120 32 32
1271 138 138 32 32
1272 158 158 32 32
1273 180 180 32 32
1274 202 202 32 32
1275 226 226 32 32
1276 250 250 32 32
1277 270 270 32 32
1278 290 290 32 32
1279 314 314 32 32
1280 341 341 32 32
1281 368 368 32 32
1282 398 398 32 32
1283 427 427 32 32
1284 455 455 32 32
1285 478 478 32 32
1286 502 502 32 32
1287 530 530 32 32
1288 561 561 32 32
1289 594 594 32 32
1290 628 628 32 32
1291 663 663 32 32
1292 696 696 32 32
1293 725 725 32 32
1294 751 751 32 32
1295 780 780 32 32
1296 811 811 32 32
1297 846 846 32 32
1298 883 883 32 32
1299 921 921 32 32
1300 959 959 32 32
1301 995 995 32 32
1302 1029 1029 32 32
1303 1061 1061 32 32
1304 1092 1092 32 32
1305 1123 1123 32 32
1306 1158 1158 32 32
1307 1196 1196 32 32
1308 1124 1124 32 32
1309 129 129 32 32
1310 -558 -558 32 32
1311 -730 -730 32 32
1312 -894 -894 32 32
1313 -983 -983 32 32
1314 -1075 -1075 32 32
1315 -1148 -1148 32 32
1316 -1213 -1213 32 32
1317 -1263 -1263 32 32
1318 -1305 -1305 32 32
1319 -1340 -1340 32 32
1320 -1372 -1372 32 32
1321 -1397 -1397 32 32
1322 -1416 -1416 32 32
1323 -1427 -1427 32 32
1324 -1426 -1426 32 32
1325 -1410 -1410 32 32
1326 -1383 -1383 32 32
1327 -1354 -1354 32 32
1328 -1321 -1321 32 32
1329 -1283 -1283 32 32
1330 -1230 -1230 32 32
1331 -1166 -1166 32 32
1332 -1110 -1110 32 32
1333 -1065 -1065 32 32
1334 -1023 -1023 32 32
1335 -970 -970 32 32
1336 -905 -905 32 32
1337 -852 -852 32 32
1338 -809 -809 32 32
1339 -767 -767 32 32
1340 -727 -727 32 32
1341 -674 -674 32 32
1342 -612 -612 32 32
1343 -563 -563 32 32
1344 -518 -518 32 32
1345 -472 -472 32 32
1346 -427 -427 32 32
1347 -378 -378 32 32
1348 -320 -320 32 32
1349 -266 -266 32 32
1350 -217 -217 32 32
1351 -166 -166 32 32
1352 -115 -115 32 32
1353 -62 -62 32 32
1354 -9 -9 32 32
1355 44 44 32 32
1356 99 99 32 32
1357 155 155 32 32
1358 211 211 32 32
1359 268 268 32 32
1360 327 327 32 32
1361 382 382 32 32
1362 431 431 32 32
1363 488 488 32 32
1364 548 548 32 32
1365 611 611 32 32
1366 674 674 32 32
1367 738 738 32 32
1368 799 799 32 32
1369 846 846 32 32
1370 898 898 32 32
1371 959 959 32 32
1372 1024 1024 32 32
1373 1093 1093 32 32
1374 1162 1162 32 32
1375 1231 1231 32 32
1376 1290 1290 32 32
1377 1336 1336 32 32
1378 1387 1387 32 32
1379 1449 1449 32 32
1380 1515 1515 32 32
1381 1587 1587 32 32
1382 1660 1660 32 32
1383 1731 1731 32 32
1384 1795 1795 32 32
1385 1847 1847 32 32
1386 1895 1895 32 32
1387 1950 1950 32 32
1388 2011 2011 32 32
1389 2078 2078 32 32
1390 2149 2149 32 32
1391 2221 2221 32 32
1392 2290 2290 32 32
1393 2356 2356 32 32
1394 2412 2412 32 32
1395 2470 2470 32 32
1396 2508 2508 32 32
1397 2585 2585 32 32
1398 2602 2602 32 32
1399 2747 2747 32 32
1400 2095 2095 32 32
1401 -312 -312 32 32
1402 -1324 -1324 32 32
1403 -1692 -1692 32 32
1404 -1976 -1976 32 32
1405 -2160 -2160 32 32
1406 -2327 -2327 32 32
1407 -2466 -2466 32 32
1408 -2579 -2579 32 32
1409 -2662 -2662 32 32
1410 -2728 -2728 32 32
1411 -2782 -2782 32 32
1412 -2827 -2827 32 32
1413 -2860 -2860 32 32
1414 -2878 -2878 32 32
1415 -2879 -2879 32 32
1416 -2854 -2854 32 32
1417 -2798 -2798 32 32
1418 -2728 -2728 32 32
1419 -2655 -2655 32 32
1420 -2575 -2575 32 32
1421 -2480 -2480 32 32
1422 -2357 -2357 32 32
1423 -2222 -2222 32 32
1424 -2112 -2112 32 32
1425 -2018 -2018 32 32
1426 -1926 -1926 32 32
1427 -1808 -1808 32 32
1428 -1678 -1678 32 32
1429 -1578 -1578 32 32
1430 -1492 -1492 32 32
1431 -1409 -1409 32 32
1432 -1325 -1325 32 32
1433 -1213 -1213 32 32
1434 -1098 -1098 32 32
1435 -1009 -1009 32 32
1436 -922 -922 32 32
1437 -836 -836 32 32
1438 -750 -750 32 32
1439 -654 -654 32 32
1440 -547 -547 32 32
1441 -452 -452 32 32
1442 -361 -361 32 32
1443 -270 -270 32 32
1444 -178 -178 32 32
1445 -85 -85 32 32
1446 8 8 32 32
1447 103 103 32 32
1448 199 199 32 32
1449 295 295 32 32
1450 393 393 32 32
1451 490 490 32 32
1452 590 590 32 32
1453 678 678 32 32
1454 762 762 32 32
1455 859 859 32 32
1456 960 960 32 32
1457 1063 1063 32 32
1458 1167 1167 32 32
1459 1272 1272 32 32
1460 1364 1364 32 32
1461 1437 1437 32 32
1462 1525 1525 32 32
1463 1624 1624 32 32
1464 1730 1730 32 32
1465 1838 1838 32 32
1466 1949 1949 32 32
1467 2054 2054 32 32
1468 2137 2137 32 32
1469 2207 2207 32 32
1470 2289 2289 32 32
1471 2386 2386 32 32
1472 2490 2490 32 32
1473 2600 2600 32 32
1474 2711 2711 32 32
1475 2816 2816 32 32
1476 2908 2908 32 32
1477 2981 2981 32 32
1478 3052 3052 32 32
1479 3134 3134 32 32
1480 3227 3227 32 32
1481 3328 3328 32 32
1482 3434 3434 32 32
1483 3539 3539 32 32
1484 3637 3637 32 32
1485 3732 3732 32 32
1486 3804 3804 32 32
1487 3893 3893 32 32
1488 3929 3929 32 32
1489 4069 4069 32 32
1490 4045 4045 32 32
1491 4302 4302 32 32
1492 2289 2289 32 32
1493 -1223 -1223 32 32
1494 -2189 -2189 32 32
1495 -2774 -2774 32 32
1496 -3108 -3108 32 32
1497 -3394 -3394 32 32
1498 -3618 -3618 32 32
1499 -3818 -3818 32 32
1500 -3966 -3966 32 32
1501 -4077 -4077 32 32
1502 -4164 -4164 32 32
1503 -4234 -4234 32 32
1504 -4289 -4289 32 32
1505 -4325 -4325 32 32
1506 -4337 -4337 32 32
1507 -4322 -4322 32 32
1508 -4263 -4263 32 32
1509 -4164 -4164 32 32
1510 -4050 -4050 32 32
1511 -3931 -3931 32 32
1512 -3801 -3801 32 32
1513 -3644 -3644 32 32
1514 -3444 -3444 32 32
1515 -3245 -3245 32 32
1516 -3086 -3086 32 32
1517 -2945 -2945 32 32
1518 -2799 -2799 32 32
1519 -2608 -2608 32 32
1520 -2423 -2423 32 32
1521 -2281 -2281 32 32
1522 -2152 -2152 32 32
1523 -2029 -2029 32 32
1524 -1896 -1896 32 32
1525 -1721 -1721 32 32
1526 -1563 -1563 32 32
1527 -1432 -1432 32 32
1528 -1305 -1305 32 32
1529 -1177 -1177 32 32
1530 -1051 -1051 32 32
1531 -903 -903 32 32
1532 -750 -750 32 32
1533 -617 -617 32 32
1534 -484 -484 32 32
1535 -352 -352 32 32
1536 -220 -220 32 32
1537 -86 -86 32 32
1538 49 49 32 32
1539 184 184 32 32
1540 321 321 32 32
1541 458 458 32 32
1542 596 596 32 32
1543 734 734 32 32
1544 873 873 32 32
1545 991 991 32 32
1546 1113 1113 32 32
1547 1251 1251 32 32
1548 1393 1393 32 32
1549 1537 1537 32 32
1550 1681 1681 32 32
1551 1826 1826 32 32
1552 1943 1943 32 32
1553 2045 2045 32 32
1554 2171 2171 32 32
1555 2310 2310 32 32
1556 2456 2456 32 32
1557 2605 2605 32 32
1558 2756 2756 32 32
1559 2892 2892 32 32
1560 2996 2996 32 32
1561 3091 3091 32 32
1562 3209 3209 32 32
1563 3342 3342 32 32
1564 3485 3485 32 32
1565 3635 3635 32 32
1566 3783 3783 32 32
1567 3920 3920 32 32
1568 4033 4033 32 32
1569 4126 4126 32 32
1570 4222 4222 32 32
1571 4335 4335 32 32
1572 4461 4461 32 32
1573 4596 4596 32 32
1574 4736 4736 32 32
1575 4873 4873 32 32
1576 5001 5001 32 32
1577 5120 5120 32 32
1578 5211 5211 32 32
1579 5318 5318 32 32
1580 5376 5376 32 32
1581 5544 5544 32 32
1582 5548 5548 32 32
1583 5646 5646 32 32
1584 1706 1706 32 32
1585 -2247 -2247 32 32
1586 -3118 -3118 32 32
1587 -3901 -3901 32 32
1588 -4278 -4278 32 32
1589 -4659 -4659 32 32
1590 -4939 -4939 32 32
1591 -5191 -5191 32 32
1592 -5369 -5369 32 32
1593 -5504 -5504 32 32
1594 -5608 -5608 32 32
1595 -5693 -5693 32 32
1596 -5755 -5755 32 32
1597 -5790 -5790 32 32
1598 -5792 -5792 32 32
1599 -5753 -5753 32 32
1600 -5654 -5654 32 32
1601 -5507 -5507 32 32
1602 -5349 -5349 32 32
1603 -5183 -5183 32 32
1604 -4999 -4999 32 32
1605 -4771 -4771 32 32
1606 -4493 -4493 32 32
1607 -4240 -4240 32 32
1608 -4034 -4034 32 32
1609 -3847 -3847 32 32
1610 -3637 -3637 32 32
1611 -3373 -3373 32 32
1612 -3143 -3143 32 32
1613 -2961 -2961 32 32
1614 -2790 -2790 32 32
1615 -2627 -2627 32 32
1616 -2436 -2436 32 32
1617 -2199 -2199 32 32
1618 -2004 -2004 32 32
1619 -1833 -1833 32 32
1620 -1666 -1666 32 32
1621 -1498 -1498 32 32
1622 -1327 -1327 32 32
1623 -1126 -1126 32 32
1624 -931 -931 32 32
1625 -759 -759 32 32
1626 -586 -586 32 32
1627 -413 -413 32 32
1628 -239 -239 32 32
1629 -65 -65 32 32
1630 110 110 32 32
1631 286 286 32 32
1632 463 463 32 32
1633 641 641 32 32
1634 820 820 32 32
1635 1001 1001 32 32
1636 1173 1173 32 32
1637 1321 1321 32 32
1638 1486 1486 32 32
1639 1665 1665 32 32
1640 1848 1848 32 32
1641 2032 2032 32 32
1642 2218 2218 32 32
1643 2398 2398 32 32
1644 2535 2535 32 32
1645 2671 2671 32 32
1646 2837 2837 32 32
1647 3017 3017 32 32
1648 3204 3204 32 32
1649 3394 3394 32 32
1650 3583 3583 32 32
1651 3746 3746 32 32
1652 3867 3867 32 32
1653 3993 3993 32 32
1654 4147 4147 32 32
1655 4318 4318 32 32
1656 4501 4501 32 32
1657 4689 4689 32 32
1658 4873 4873 32 32
1659 5037 5037 32 32
1660 5170 5170 32 32
1661 5281 5281 32 32
1662 5407 5407 32 32
1663 5552 5552 32 32
1664 5712 5712 32 32
1665 5883 5883 32 32
1666 6056 6056 32 32
1667 6223 6223 32 32
1668 6380 6380 32 32
1669 6514 6514 32 32
1670 6637 6637 32 32
1671 6737 6737 32 32
1672 6866 6866 32 32
1673 6974 6974 32 32
1674 7156 7156 32 32
1675 6361 6361 32 32
1676 330 330 32 32
1677 -3271 -3271 32 32
1678 -4186 -4186 32 32
1679 -5007 -5007 32 32
1680 -5436 -5436 32 32
1681 -5859 -5859 32 32
1682 -6176 -6176 32 32
1683 -6444 -6444 32 32
1684 -6626 -6626 32 32
1685 -6760 -6760 32 32
1686 -6862 -6862 32 32
1687 -6939 -6939 32 32
1688 -6986 -6986 32 32
1689 -6999 -6999 32 32
1690 -6971 -6971 32 32
1691 -6886 -6886 32 32
1692 -6729 -6729 32 32
1693 -6529 -6529 32 32
1694 -6322 -6322 32 32
1695 -6104 -6104 32 32
1696 -5859 -5859 32 32
1697 -5555 -5555 32 32
1698 -5209 -5209 32 32
1699 -4915 -4915 32 32
1700 -4670 -4670 32 32
1701 -4439 -4439 32 32
1702 -4163 -4163 32 32
1703 -3844 -3844 32 32
1704 -3587 -3587 32 32
1705 -3373 -3373 32 32
1706 -3169 -3169 32 32
1707 -2972 -2972 32 32
1708 -2724 -2724 32 32
1709 -2453 -2453 32 32
1710 -2237 -2237 32 32
1711 -2037 -2037 32 32
1712 -1841 -1841 32 32
1713 -1647 -1647 32 32
1714 -1443 -1443 32 32
1715 -1207 -1207 32 32
1716 -995 -995 32 32
1717 -799 -799 32 32
1718 -604 -604 32 32
1719 -410 -410 32 32
1720 -215 -215 32 32
1721 -21 -21 32 32
1722 174 174 32 32
1723 368 368 32 32
1724 562 562 32 32
1725 758 758 32 32
1726 951 951 32 32
1727 1147 1147 32 32
1728 1324 1324 32 32
1729 1482 1482 32 32
1730 1664 1664 32 32
1731 1855 1855 32 32
1732 2049 2049 32 32
1733 2243 2243 32 32
1734 2438 2438 32 32
1735 2615 2615 32 32
1736 2747 2747 32 32
1737 2895 2895 32 32
1738 3071 3071 32 32
1739 3257 3257 32 32
1740 3448 3448 32 32
1741 3641 3641 32 32
1742 3828 3828 32 32
1743 3977 3977 32 32
1744 4090 4090 32 32
1745 4221 4221 32 32
1746 4377 4377 32 32
1747 4549 4549 32 32
1748 4730 4730 32 32
1749 4915 4915 32 32
1750 5089 5089 32 32
1751 5239 5239 32 32
1752 5355 5355 32 32
1753 5458 5458 32 32
1754 5580 5580 32 32
1755 5720 5720 32 32
1756 5873 5873 32 32
1757 6035 6035 32 32
1758 6196 6196 32 32
1759 6347 6347 32 32
1760 6491 6491 32 32
1761 6597 6597 32 32
1762 6720 6720 32 32
1763 6771 6771 32 32
1764 6953 6953 32 32
1765 6933 6933 32 32
1766 7311 7311 32 32
1767 5193 5193 32 32
1768 -1140 -1140 32 32
1769 -3494 -3494 32 32
1770 -4439 -4439 32 32
1771 -5106 -5106 32 32
1772 -5553 -5553 32 32
1773 -5935 -5935 32 32
1774 -6251 -6251 32 32
1775 -6493 -6493 32 32
1776 -6663 -6663 32 32
1777 -6786 -6786 32 32
1778 -6882 -6882 32 32
1779 -6951 -6951 32 32
1780 -6991 -6991 32 32
1781 -6994 -6994 32 32
1782 -6953 -6953 32 32
1783 -6851 -6851 32 32
1784 -6677 -6677 32 32
1785 -6474 -6474 32 32
1786 -6265 -6265 32 32
1787 -6041 -6041 32 32
1788 -5786 -5786 32 32
1789 -5463 -5463 32 32
1790 -5125 -5125 32 32
1791 -4848 -4848 32 32
1792 -4608 -4608 32 32
1793 -4373 -4373 32 32
1794 -4077 -4077 32 32
1795 -3768 -3768 32 32
1796 -3528 -3528 32 32
1797 -3317 -3317 32 32
1798 -3117 -3117 32 32
1799 -2914 -2914 32 32
1800 -2649 -2649 32 32
1801 -2390 -2390 32 32
1802 -2183 -2183 32 32
1803 -1985 -1985 32 32
1804 -1789 -1789 32 32
1805 -1596 -1596 32 32
1806 -1382 -1382 32 32
1807 -1147 -1147 32 32
1808 -943 -943 32 32
1809 -747 -747 32 32
1810 -552 -552 32 32
1811 -357 -357 32 32
1812 -163 -163 32 32
1813 31 31 32 32
1814 225 225 32 32
1815 420 420 32 32
1816 614 614 32 32
1817 809 809 32 32
1818 1003 1003 32 32
1819 1198 1198 32 32
1820 1366 1366 32 32
1821 1528 1528 32 32
1822 1715 1715 32 32
1823 1906 1906 32 32
1824 2101 2101 32 32
1825 2295 2295 32 32
1826 2489 2489 32 32
1827 2653 2653 32 32
1828 2783 2783 32 32
1829 2941 2941 32 32
1830 3119 3119 32 32
1831 3307 3307 32 32
1832 3500 3500 32 32
1833 3692 3692 32 32
1834 3872 3872 32 32
1835 4009 4009 32 32
1836 4122 4122 32 32
1837 4261 4261 32 32
1838 4421 4421 32 32
1839 4596 4596 32 32
1840 4780 4780 32 32
1841 4962 4962 32 32
1842 5132 5132 32 32
1843 5273 5273 32 32
1844 5381 5381 32 32
1845 5488 5488 32 32
1846 5615 5615 32 32
1847 5759 5759 32 32
1848 5916 5916 32 32
1849 6078 6078 32 32
1850 6238 6238 32 32
1851 6386 6386 32 32
1852 6525 6525 32 32
1853 6623 6623 32 32
1854 6749 6749 32 32
1855 6787 6787 32 32
1856 7001 7001 32 32
1857 6935 6935 32 32
1858 7306 7306 32 32
1859 3466 3466 32 32
1860 -2282 -2282 32 32
1861 -3742 -3742 32 32
1862 -4714 -4714 32 32
1863 -5226 -5226 32 32
1864 -5685 -5685 32 32
1865 -6028 -6028 32 32
1866 -6332 -6332 32 32
1867 -6547 -6547 32 32
1868 -6703 -6703 32 32
1869 -6817 -6817 32 32
1870 -6906 -6906 32 32
1871 -6968 -6968 32 32
1872 -6997 -6997 32 32
1873 -6989 -6989 32 32
1874 -6934 -6934 32 32
1875 -6811 -6811 32 32
1876 -6625 -6625 32 32
1877 -6420 -6420 32 32
1878 -6208 -6208 32 32
1879 -5979 -5979 32 32
1880 -5706 -5706 32 32
1881 -5370 -5370 32 32
1882 -5044 -5044 32 32
1883 -4782 -4782 32 32
1884 -4547 -4547 32 32
1885 -4303 -4303 32 32
1886 -3991 -3991 32 32
1887 -3698 -3698 32 32
1888 -3471 -3471 32 32
1889 -3263 -3263 32 32
1890 -3065 -3065 32 32
1891 -2849 -2849 32 32
1892 -2574 -2574 32 32
1893 -2333 -2333 32 32
1894 -2129 -2129 32 32
1895 -1933 -1933 32 32
1896 -1737 -1737 32 32
1897 -1543 -1543 32 32
1898 -1318 -1318 32 32
1899 -1089 -1089 32 32
1900 -891 -891 32 32
1901 -694 -694 32 32
1902 -501 -501 32 32
1903 -305 -305 32 32
1904 -111 -111 32 32
1905 83 83 32 32
1906 277 277 32 32
1907 472 472 32 32
1908 667 667 32 32
1909 861 861 32 32
1910 1056 1056 32 32
1911 1246 1246 32 32
1912 1407 1407 32 32
1913 1577 1577 32 32
1914 1766 1766 32 32
1915 1958 1958 32 32
1916 2152 2152 32 32
1917 2346 2346 32 32
1918 2538 2538 32 32
1919 2688 2688 32 32
1920 2821 2821 32 32
1921 2987 2987 32 32
1922 3169 3169 32 32
1923 3358 3358 32 32
1924 3551 3551 32 32
1925 3743 3743 32 32
1926 3914 3914 32 32
1927 4039 4039 32 32
1928 4156 4156 32 32
1929 4302 4302 32 32
1930 4467 4467 32 32
1931 4645 4645 32 32
1932 4829 4829 32 32
1933 5010 5010 32 32
1934 5173 5173 32 32
1935 5304 5304 32 32
1936 5409 5409 32 32
1937 5520 5520 32 32
1938 5652 5652 32 32
1939 5800 5800 32 32
1940 5959 5959 32 32
1941 6121 6121 32 32
1942 6279 6279 32 32
1943 6425 6425 32 32
1944 6554 6554 32 32
1945 6654 6654 32 32
1946 6765 6765 32 32
1947 6831 6831 32 32
1948 7005 7005 32 32
1949 7028 7028 32 32
1950 6968 6968 32 32
1951 1690 1690 32 32
1952 -2943 -2943 32 32
1953 -3950 -3950 32 32
1954 -4888 -4888 32 32
1955 -5331 -5331 32 32
1956 -5781 -5781 32 32
1957 -6106 -6106 32 32
1958 -6394 -6394 32 32
1959 -6590 -6590 32 32
1960 -6734 -6734 32 32
1961 -6840 -6840 32 32
1962 -6923 -6923 32 32
1963 -6977 -6977 32 32
1964 -6997 -6997 32 32
1965 -6978 -6978 32 32
1966 -6908 -6908 32 32
1967 -6765 -6765 32 32
1968 -6570 -6570 32 32
1969 -6365 -6365 32 32
1970 -6148 -6148 32 32
1971 -5913 -5913 32 32
1972 -5623 -5623 32 32
1973 -5277 -5277 32 32
1974 -4970 -4970 32 32
1975 -4717 -4717 32 32
1976 -4486 -4486 32 32
1977 -4225 -4225 32 32
1978 -3905 -3905 32 32
1979 -3634 -3634 32 32
1980 -3415 -3415 32 32
1981 -3209 -3209 32 32
1982 -3013 -3013 32 32
1983 -2781 -2781 32 32
1984 -2503 -2503 32 32
1985 -2277 -2277 32 32
1986 -2076 -2076 32 32
1987 -1880 -1880 32 32
1988 -1686 -1686 32 32
1989 -1488 -1488 32 32
1990 -1254 -1254 32 32
1991 -1035 -1035 32 32
1992 -839 -839 32 32
1993 -643 -643 32 32
1994 -448 -448 32 32
1995 -254 -254 32 32
1996 -60 -60 32 32
1997 134 134 32 32
1998 329 329 32 32
1999 524 524 32 32
2000 718 718 32 32
2001 912 912 32 32
2002 1108 1108 32 32
2003 1292 1292 32 32
2004 1449 1449 32 32
2005 1626 1626 32 32
2006 1816 1816 32 32
2007 2010 2010 32 32
2008 2204 2204 32 32
2009 2399 2399 32 32
2010 2584 2584 32 32
2011 2722 2722 32 32
2012 2862 2862 32 32
2013 3034 3034 32 32
2014 3218 3218 32 32
2015 3410 3410 32 32
2016 3603 3603 32 32
2017 3791 3791 32 32
2018 3951 3951 32 32
2019 4068 4068 32 32
2020 4192 4192 32 32
2021 4344 4344 32 32
2022 4513 4513 32 32
2023 4693 4693 32 32
2024 4878 4878 32 32
2025 5055 5055 32 32
2026 5211 5211 32 32
2027 5334 5334 32 32
2028 5436 5436 32 32
2029 5553 5553 32 32
2030 5690 5690 32 32
2031 5842 5842 32 32
2032 6002 6002 32 32
2033 6164 6164 32 32
2034 6318 6318 32 32
2035 6463 6463 32 32
2036 6580 6580 32 32
2037 6692 6692 32 32
2038 6768 6768 32 32
2039 6900 6900 32 32
2040 6962 6962 32 32
2041 7199 7199 32 32
2042 6113 6113 32 32
2043 -61 -61 32 32
2044 -3336 -3336 32 32
2045 -4252 -4252 32 32
2046 -5035 -5035 32 32
2047 -5466 -5466 32 32
2048 -5879 -5879 32 32
2049 -6195 -6195 32 32
2050 -6457 -6457 32 32
2051 -6636 -6636 32 32
2052 -6767 -6767 32 32
2053 -6867 -6867 32 32
2054 -6942 -6942 32 32
2055 -6988 -6988 32 32
2056 -6998 -6998 32 32
2057 -6967 -6967 32 32
2058 -6879 -6879 32 32
2059 -6717 -6717 32 32
2060 -6516 -6516 32 32
2061 -6309 -6309 32 32
2062 -6090 -6090 32 32
2063 -5842 -5842 32 32
2064 -5533 -5533 32 32
2065 -5188 -5188 32 32
2066 -4899 -4899 32 32
2067 -4655 -4655 32 32
2068 -4424 -4424 32 32
2069 -4143 -4143 32 32
2070 -3826 -3826 32 32
2071 -3573 -3573 32 32
2072 -3359 -3359 32 32
2073 -3156 -3156 32 32
2074 -2958 -2958 32 32
2075 -2706 -2706 32 32
2076 -2437 -2437 32 32
2077 -2224 -2224 32 32
2078 -2024 -2024 32 32
2079 -1828 -1828 32 32
2080 -1635 -1635 32 32
2081 -1429 -1429 32 32
2082 -1192 -1192 32 32
2083 -982 -982 32 32
2084 -786 -786 32 32
2085 -591 -591 32 32
2086 -397 -397 32 32
2087 -203 -203 32 32
2088 -8 -8 32 32
2089 186 186 32 32
2090 381 381 32 32
2091 575 575 32 32
2092 770 770 32 32
2093 964 964 32 32
2094 1160 1160 32 32
2095 1334 1334 32 32
2096 1493 1493 32 32
2097 1677 1677 32 32
2098 1867 1867 32 32
2099 2062 2062 32 32
2100 2255 2255 32 32
2101 2451 2451 32 32
2102 2625 2625 32 32
2103 2755 2755 32 32
2104 2906 2906 32 32
2105 3082 3082 32 32
2106 3269 3269 32 32
2107 3461 3461 32 32
2108 3654 3654 32 32
2109 3839 3839 32 32
2110 3985 3985 32 32
2111 4098 4098 32 32
2112 4231 4231 32 32
2113 4388 4388 32 32
2114 4560 4560 32 32
2115 4742 4742 32 32
2116 4926 4926 32 32
2117 5100 5100 32 32
2118 5248 5248 32 32
2119 5362 5362 32 32
2120 5465 5465 32 32
2121 5588 5588 32 32
2122 5729 5729 32 32
2123 5884 5884 32 32
2124 6045 6045 32 32
2125 6206 6206 32 32
2126 6357 6357 32 32
2127 6499 6499 32 32
2128 6603 6603 32 32
2129 6727 6727 32 32
2130 6773 6773 32 32
2131 6968 6968 32 32
2132 6927 6927 32 32
2133 7332 7332 32 32
2134 4802 4802 32 32
2135 -1453 -1453 32 32
2136 -3553 -3553 32 32
2137 -4507 -4507 32 32
2138 -5133 -5133 32 32
2139 -5582 -5582 32 32
2140 -5955 -5955 32 32
2141 -6269 -6269 32 32
2142 -6505 -6505 32 32
2143 -6671 -6671 32 32
2144 -6793 -6793 32 32
2145 -6886 -6886 32 32
2146 -6954 -6954 32 32
2147 -6991 -6991 32 32
2148 -6992 -6992 32 32
2149 -6948 -6948 32 32
2150 -6840 -6840 32 32
2151 -6664 -6664 32 32
2152 -6460 -6460 32 32
2153 -6251 -6251 32 32
2154 -6026 -6026 32 32
2155 -5768 -5768 32 32
2156 -5440 -5440 32 32
2157 -5105 -5105 32 32
2158 -4832 -4832 32 32
2159 -4593 -4593 32 32
2160 -4356 -4356 32 32
2161 -4056 -4056 32 32
2162 -3750 -3750 32 32
2163 -3514 -3514 32 32
2164 -3304 -3304 32 32
2165 -3104 -3104 32 32
2166 -2899 -2899 32 32
2167 -2631 -2631 32 32
2168 -2376 -2376 32 32
2169 -2170 -2170 32 32
2170 -1972 -1972 32 32
2171 -1776 -1776 32 32
2172 -1583 -1583 32 32
2173 -1367 -1367 32 32
2174 -1133 -1133 32 32
2175 -930 -930 32 32
2176 -734 -734 32 32
2177 -539 -539 32 32
2178 -345 -345 32 32
2179 -150 -150 32 32
2180 43 43 32 32
2181 238 238 32 32
2182 433 433 32 32
2183 627 627 32 32
2184 822 822 32 32
2185 1015 1015 32 32
2186 1210 1210 32 32
2187 1376 1376 32 32
2188 1539 1539 32 32
2189 1727 1727 32 32
2190 1919 1919 32 32
2191 2113 2113 32 32
2192 2307 2307 32 32
2193 2501 2501 32 32
2194 2662 2662 32 32
2195 2792 2792 32 32
2196 2951 2951 32 32
2197 3131 3131 32 32
2198 3320 3320 32 32
2199 3512 3512 32 32
2200 3704 3704 32 32
2201 3882 3882 32 32
2202 4016 4016 32 32
2203 4130 4130 32 32
2204 4271 4271 32 32
2205 4432 4432 32 32
2206 4608 4608 32 32
2207 4791 4791 32 32
2208 4974 4974 32 32
2209 5142 5142 32 32
2210 5281 5281 32 32
2211 5388 5388 32 32
2212 5496 5496 32 32
2213 5624 5624 32 32
2214 5770 5770 32 32
2215 5926 5926 32 32
2216 6089 6089 32 32
2217 6248 6248 32 32
2218 6395 6395 32 32
2219 6533 6533 32 32
2220 6630 6630 32 32
2221 6755 6755 32 32
2222 6794 6794 32 32
2223 7008 7008 32 32
2224 6947 6947 32 32
2225 7267 7267 32 32
2226 3034 3034 32 32
2227 -2484 -2484 32 32
2228 -3787 -3787 32 32
2229 -4766 -4766 32 32
2230 -5251 -5251 32 32
2231 -5711 -5711 32 32
2232 -6047 -6047 32 32
2233 -6349 -6349 32 32
2234 -6558 -6558 32 32
2235 -6711 -6711 32 32
2236 -6823 -6823 32 32
2237 -6911 -6911 32 32
2238 -6971 -6971 32 32
2239 -6998 -6998 32 32
2240 -6988 -6988 32 32
2241 -6929 -6929 32 32
2242 -6801 -6801 32 32
2243 -6612 -6612 32 32
2244 -6406 -6406 32 32
2245 -6194 -6194 32 32
2246 -5964 -5964 32 32
2247 -5687 -5687 32 32
2248 -5347 -5347 32 32
2249 -5026 -5026 32 32
2250 -4766 -4766 32 32
2251 -4532 -4532 32 32
2252 -4285 -4285 32 32
2253 -3970 -3970 32 32
2254 -3683 -3683 32 32
2255 -3457 -3457 32 32
2256 -3250 -3250 32 32
2257 -3053 -3053 32 32
2258 -2834 -2834 32 32
2259 -2556 -2556 32 32
2260 -2319 -2319 32 32
2261 -2117 -2117 32 32
2262 -1920 -1920 32 32
2263 -1725 -1725 32 32
2264 -1530 -1530 32 32
2265 -1303 -1303 32 32
2266 -1076 -1076 32 32
2267 -879 -879 32 32
2268 -682 -682 32 32
2269 -488 -488 32 32
2270 -293 -293 32 32
2271 -99 -99 32 32
2272 95 95 32 32
2273 290 290 32 32
2274 484 484 32 32
2275 679 679 32 32
2276 874 874 32 32
2277 1068 1068 32 32
2278 1258 1258 32 32
2279 1417 1417 32 32
2280 1588 1588 32 32
2281 1778 1778 32 32
2282 1970 1970 32 32
2283 2165 2165 32 32
2284 2359 2359 32 32
2285 2550 2550 32 32
2286 2696 2696 32 32
2287 2831 2831 32 32
2288 2999 2999 32 32
2289 3180 3180 32 32
2290 3371 3371 32 32
2291 3563 3563 32 32
2292 3755 3755 32 32
2293 3923 3923 32 32
2294 4046 4046 32 32
2295 4165 4165 32 32
2296 4312 4312 32 32
2297 4478 4478 32 32
2298 4656 4656 32 32
2299 4841 4841 32 32
2300 5021 5021 32 32
2301 5183 5183 32 32
2302 5312 5312 32 32
2303 5415 5415 32 32
2304 5528 5528 32 32
2305 5661 5661 32 32
2306 5810 5810 32 32
2307 5969 5969 32 32
2308 6132 6132 32 32
2309 6288 6288 32 32
2310 6434 6434 32 32
2311 6560 6560 32 32
2312 6663 6663 32 32
2313 6766 6766 32 32
2314 6846 6846 32 32
2315 6997 6997 32 32
2316 7068 7068 32 32
2317 6803 6803 32 32
2318 1251 1251 32 32
2319 -3057 -3057 32 32
2320 -4025 -4025 32 32
2321 -4927 -4927 32 32
2322 -5362 -5362 32 32
2323 -5803 -5803 32 32
2324 -6126 -6126 32 32
2325 -6409 -6409 32 32
2326 -6600 -6600 32 32
2327 -6741 -6741 32 32
2328 -6845 -6845 32 32
2329 -6927 -6927 32 32
2330 -6979 -6979 32 32
2331 -6997 -6997 32 32
2332 -6975 -6975 32 32
2333 -6900 -6900 32 32
2334 -6753 -6753 32 32
2335 -6557 -6557 32 32
2336 -6350 -6350 32 32
2337 -6134 -6134 32 32
2338 -5896 -5896 32 32
2339 -5601 -5601 32 32
2340 -5255 -5255 32 32
2341 -4953 -4953 32 32
2342 -4702 -4702 32 32
2343 -4471 -4471 32 32
2344 -4205 -4205 32 32
2345 -3885 -3885 32 32
2346 -3618 -3618 32 32
2347 -3401 -3401 32 32
2348 -3196 -3196 32 32
2349 -3000 -3000 32 32
2350 -2763 -2763 32 32
2351 -2487 -2487 32 32
2352 -2264 -2264 32 32
2353 -2064 -2064 32 32
2354 -1868 -1868 32 32
2355 -1673 -1673 32 32
2356 -1474 -1474 32 32
2357 -1239 -1239 32 32
2358 -1022 -1022 32 32
2359 -826 -826 32 32
2360 -630 -630 32 32
2361 -436 -436 32 32
2362 -241 -241 32 32
2363 -47 -47 32 32
2364 147 147 32 32
2365 342 342 32 32
2366 536 536 32 32
2367 731 731 32 32
2368 925 925 32 32
2369 1121 1121 32 32
2370 1302 1302 32 32
2371 1460 1460 32 32
2372 1638 1638 32 32
2373 1829 1829 32 32
2374 2022 2022 32 32
2375 2216 2216 32 32
2376 2412 2412 32 32
2377 2594 2594 32 32
2378 2730 2730 32 32
2379 2873 2873 32 32
2380 3046 3046 32 32
2381 3231 3231 32 32
2382 3422 3422 32 32
2383 3615 3615 32 32
2384 3803 3803 32 32
2385 3960 3960 32 32
2386 4075 4075 32 32
2387 4201 4201 32 32
2388 4354 4354 32 32
2389 4524 4524 32 32
2390 4705 4705 32 32
2391 4890 4890 32 32
2392 5066 5066 32 32
2393 5220 5220 32 32
2394 5341 5341 32 32
2395 5443 5443 32 32
2396 5562 5562 32 32
2397 5700 5700 32 32
2398 5852 5852 32 32
2399 6013 6013 32 32
2400 6174 6174 32 32
2401 6328 6328 32 32
2402 6472 6472 32 32
2403 6586 6586 32 32
2404 6701 6701 32 32
2405 6769 6769 32 32
2406 6917 6917 32 32
2407 6953 6953 32 32
2408 7238 7238 32 32
2409 5871 5871 32 32
2410 -420 -420 32 32
2411 -3393 -3393 32 32
2412 -4311 -4311 32 32
2413 -5060 -5060 32 32
2414 -5493 -5493 32 32
2415 -5897 -5897 32 32
2416 -6213 -6213 32 32
2417 -6469 -6469 32 32
2418 -6644 -6644 32 32
2419 -6774 -6774 32 32
2420 -6872 -6872 32 32
2421 -6946 -6946 32 32
2422 -6989 -6989 32 32
2423 -6997 -6997 32 32
2424 -6963 -6963 32 32
2425 -6871 -6871 32 32
2426 -6705 -6705 32 32
2427 -6503 -6503 32 32
2428 -6295 -6295 32 32
2429 -6075 -6075 32 32
2430 -5825 -5825 32 32
2431 -5511 -5511 32 32
2432 -5168 -5168 32 32
2433 -4883 -4883 32 32
2434 -4640 -4640 32 32
2435 -4408 -4408 32 32
2436 -4123 -4123 32 32
2437 -3807 -3807 32 32
2438 -3558 -3558 32 32
2439 -3346 -3346 32 32
2440 -3143 -3143 32 32
2441 -2944 -2944 32 32
2442 -2688 -2688 32 32
2443 -2421 -2421 32 32
2444 -2211 -2211 32 32
2445 -2011 -2011 32 32
2446 -1816 -1816 32 32
2447 -1622 -1622 32 32
2448 -1414 -1414 32 32
2449 -1177 -1177 32 32
2450 -970 -970 32 32
2451 -773 -773 32 32
2452 -579 -579 32 32
2453 -384 -384 32 32
2454 -190 -190 32 32
2455 4 4 32 32
2456 199 199 32 32
2457 393 393 32 32
2458 588 588 32 32
2459 783 783 32 32
2460 976 976 32 32
2461 1173 1173 32 32
2462 1345 1345 32 32
2463 1504 1504 32 32
2464 1689 1689 32 32
2465 1879 1879 32 32
2466 2074 2074 32 32
2467 2268 2268 32 32
2468 2463 2463 32 32
2469 2634 2634 32 32
2470 2764 2764 32 32
2471 2917 2917 32 32
2472 3094 3094 32 32
2473 3281 3281 32 32
2474 3473 3473 32 32
2475 3666 3666 32 32
2476 3850 3850 32 32
2477 3993 3993 32 32
2478 4106 4106 32 32
2479 4240 4240 32 32
2480 4398 4398 32 32
2481 4572 4572 32 32
2482 4754 4754 32 32
2483 4938 4938 32 32
2484 5110 5110 32 32
2485 5256 5256 32 32
2486 5368 5368 32 32
2487 5472 5472 32 32
2488 5597 5597 32 32
2489 5739 5739 32 32
2490 5894 5894 32 32
2491 6056 6056 32 32
2492 6217 6217 32 32
2493 6366 6366 32 32
2494 6508 6508 32 32
2495 6609 6609 32 32
2496 6736 6736 32 32
2497 6776 6776 32 32
2498 6982 6982 32 32
2499 6924 6924 32 32
2500 7345 7345 32 32
2501 4394 4394 32 32
2502 -1749 -1749 32 32
2503 -3619 -3619 32 32
2504 -4580 -4580 32 32
2505 -5163 -5163 32 32
2506 -5616 -5616 32 32
2507 -5977 -5977 32 32
2508 -6289 -6289 32 32
2509 -6517 -6517 32 32
2510 -6680 -6680 32 32
2511 -6799 -6799 32 32
2512 -6891 -6891 32 32
2513 -6957 -6957 32 32
2514 -6992 -6992 32 32
2515 -6990 -6990 32 32
2516 -6942 -6942 32 32
2517 -6830 -6830 32 32
2518 -6650 -6650 32 32
2519 -6447 -6447 32 32
2520 -6237 -6237 32 32
2521 -6011 -6011 32 32
2522 -5748 -5748 32 32
2523 -5417 -5417 32 32
2524 -5085 -5085 32 32
2525 -4816 -4816 32 32
2526 -4578 -4578 32 32
2527 -4339 -4339 32 32
2528 -4035 -4035 32 32
2529 -3733 -3733 32 32
2530 -3501 -3501 32 32
2531 -3291 -3291 32 32
2532 -3092 -3092 32 32
2533 -2884 -2884 32 32
2534 -2613 -2613 32 32
2535 -2362 -2362 32 32
2536 -2157 -2157 32 32
2537 -1959 -1959 32 32
2538 -1763 -1763 32 32
2539 -1571 -1571 32 32
2540 -1351 -1351 32 32
2541 -1118 -1118 32 32
2542 -918 -918 32 32
2543 -721 -721 32 32
2544 -527 -527 32 32
2545 -332 -332 32 32
2546 -138 -138 32 32
2547 56 56 32 32
2548 251 251 32 32
2549 445 445 32 32
2550 640 640 32 32
2551 834 834 32 32
2552 1028 1028 32 32
2553 1222 1222 32 32
2554 1386 1386 32 32
2555 1551 1551 32 32
2556 1739 1739 32 32
2557 1931 1931 32 32
2558 2126 2126 32 32
2559 2319 2319 32 32
2560 2513 2513 32 32
2561 2670 2670 32 32
2562 2801 2801 32 32
2563 2963 2963 32 32
2564 3143 3143 32 32
2565 3332 3332 32 32
2566 3524 3524 32 32
2567 3717 3717 32 32
2568 3893 3893 32 32
2569 4023 4023 32 32
2570 4138 4138 32 32
2571 4280 4280 32 32
2572 4443 4443 32 32
2573 4619 4619 32 32
2574 4803 4803 32 32
2575 4985 4985 32 32
2576 5152 5152 32 32
2577 5289 5289 32 32
2578 5395 5395 32 32
2579 5504 5504 32 32
2580 5633 5633 32 32
2581 5779 5779 32 32
2582 5937 5937 32 32
2583 6099 6099 32 32
2584 6258 6258 32 32
2585 6405 6405 32 32
2586 6540 6540 32 32
2587 6637 6637 32 32
2588 6759 6759 32 32
2589 6804 6804 32 32
2590 7010 7010 32 32
2591 6967 6967 32 32
2592 7201 7201 32 32
2593 2608 2608 32 32
2594 -2654 -2654 32 32
2595 -3832 -3832 32 32
2596 -4808 -4808 32 32
2597 -5275 -5275 32 32
2598 -5735 -5735 32 32
2599 -6067 -6067 32 32
2600 -6364 -6364 32 32
2601 -6570 -6570 32 32
2602 -6719 -6719 32 32
2603 -6830 -6830 32 32
2604 -6916 -6916 32 32
2605 -6974 -6974 32 32
2606 -6999 -6999 32 32
2607 -6986 -6986 32 32
2608 -6924 -6924 32 32
2609 -6791 -6791 32 32
2610 -6600 -6600 32 32
2611 -6394 -6394 32 32
2612 -6180 -6180 32 32
2613 -5948 -5948 32 32
2614 -5667 -5667 32 32
2615 -5325 -5325 32 32
2616 -5008 -5008 32 32
2617 -4751 -4751 32 32
2618 -4518 -4518 32 32
2619 -4266 -4266 32 32
2620 -3949 -3949 32 32
2621 -3667 -3667 32 32
2622 -3444 -3444 32 32
2623 -3237 -3237 32 32
2624 -3040 -3040 32 32
2625 -2817 -2817 32 32
2626 -2539 -2539 32 32
2627 -2305 -2305 32 32
2628 -2104 -2104 32 32
2629 -1907 -1907 32 32
2630 -1712 -1712 32 32
2631 -1517 -1517 32 32
2632 -1288 -1288 32 32
2633 -1063 -1063 32 32
2634 -866 -866 32 32
2635 -669 -669 32 32
2636 -475 -475 32 32
2637 -281 -281 32 32
2638 -86 -86 32 32
2639 108 108 32 32
2640 302 302 32 32
2641 497 497 32 32
2642 691 691 32 32
2643 886 886 32 32
2644 1081 1081 32 32
2645 1269 1269 32 32
2646 1427 1427 32 32
2647 1601 1601 32 32
2648 1790 1790 32 32
2649 1983 1983 32 32
2650 2178 2178 32 32
2651 2371 2371 32 32
2652 2561 2561 32 32
2653 2705 2705 32 32
2654 2841 2841 32 32
2655 3010 3010 32 32
2656 3193 3193 32 32
2657 3383 3383 32 32
2658 3576 3576 32 32
2659 3767 3767 32 32
2660 3932 3932 32 32
2661 4053 4053 32 32
2662 4173 4173 32 32
2663 4322 4322 32 32
2664 4489 4489 32 32
2665 4668 4668 32 32
2666 4852 4852 32 32
2667 5032 5032 32 32
2668 5192 5192 32 32
2669 5319 5319 32 32
2670 5422 5422 32 32
2671 5536 5536 32 32
2672 5670 5670 32 32
2673 5820 5820 32 32
2674 5980 5980 32 32
2675 6142 6142 32 32
2676 6298 6298 32 32
2677 6443 6443 32 32
2678 6567 6567 32 32
2679 6672 6672 32 32
2680 6767 6767 32 32
2681 6862 6862 32 32
2682 6987 6987 32 32
2683 7108 7108 32 32
2684 6624 6624 32 32
2685 810 810 32 32
2686 -3174 -3174 32 32
2687 -4105 -4105 32 32
2688 -4970 -4970 32 32
2689 -5399 -5399 32 32
2690 -5832 -5832 32 32
2691 -6151 -6151 32 32
2692 -6427 -6427 32 32
2693 -6613 -6613 32 32
2694 -6751 -6751 32 32
2695 -6854 -6854 32 32
2696 -6933 -6933 32 32
2697 -6982 -6982 32 32
2698 -6998 -6998 32 32
2699 -6973 -6973 32 32
2700 -6894 -6894 32 32
2701 -6742 -6742 32 32
2702 -6544 -6544 32 32
2703 -6338 -6338 32 32
2704 -6120 -6120 32 32
2705 -5879 -5879 32 32
2706 -5579 -5579 32 32
2707 -5233 -5233 32 32
2708 -4935 -4935 32 32
2709 -4687 -4687 32 32
2710 -4456 -4456 32 32
2711 -4186 -4186 32 32
2712 -3865 -3865 32 32
2713 -3603 -3603 32 32
2714 -3388 -3388 32 32
2715 -3183 -3183 32 32
2716 -2987 -2987 32 32
2717 -2745 -2745 32 32
2718 -2471 -2471 32 32
2719 -2251 -2251 32 32
2720 -2051 -2051 32 32
2721 -1855 -1855 32 32
2722 -1661 -1661 32 32
2723 -1459 -1459 32 32
2724 -1223 -1223 32 32
2725 -1009 -1009 32 32
2726 -813 -813 32 32
2727 -618 -618 32 32
2728 -424 -424 32 32
2729 -229 -229 32 32
2730 -35 -35 32 32
2731 160 160 32 32
2732 354 354 32 32
2733 548 548 32 32
2734 743 743 32 32
2735 937 937 32 32
2736 1133 1133 32 32
2737 1313 1313 32 32
2738 1470 1470 32 32
2739 1650 1650 32 32
2740 1841 1841 32 32
2741 2035 2035 32 32
2742 2229 2229 32 32
2743 2424 2424 32 32
2744 2604 2604 32 32
2745 2738 2738 32 32
2746 2883 2883 32 32
2747 3058 3058 32 32
2748 3243 3243 32 32
2749 3434 3434 32 32
2750 3627 3627 32 32
2751 3814 3814 32 32
2752 3968 3968 32 32
2753 4082 4082 32 32
2754 4210 4210 32 32
2755 4365 4365 32 32
2756 4536 4536 32 32
2757 4717 4717 32 32
2758 4902 4902 32 32
2759 5077 5077 32 32
2760 5229 5229 32 32
2761 5348 5348 32 32
2762 5451 5451 32 32
2763 5571 5571 32 32
2764 5709 5709 32 32
2765 5862 5862 32 32
2766 6023 6023 32 32
2767 6185 6185 32 32
2768 6337 6337 32 32
2769 6481 6481 32 32
2770 6591 6591 32 32
2771 6710 6710 32 32
2772 6770 6770 32 32
2773 6934 6934 32 32
2774 6942 6942 32 32
2775 7277 7277 32 32
2776 5559 5559 32 32
2777 -774 -774 32 32
2778 -3442 -3442 32 32
2779 -4371 -4371 32 32
2780 -5081 -5081 32 32
2781 -5522 -5522 32 32
2782 -5915 -5915 32 32
2783 -6231 -6231 32 32
2784 -6480 -6480 32 32
2785 -6653 -6653 32 32
2786 -6780 -6780 32 32
2787 -6877 -6877 32 32
2788 -6949 -6949 32 32
2789 -6990 -6990 32 32
2790 -6996 -6996 32 32
2791 -6959 -6959 32 32
2792 -6862 -6862 32 32
2793 -6692 -6692 32 32
2794 -6490 -6490 32 32
2795 -6281 -6281 32 32
2796 -6059 -6059 32 32
2797 -5807 -5807 32 32
2798 -5488 -5488 32 32
2799 -5148 -5148 32 32
2800 -4866 -4866 32 32
2801 -4625 -4625 32 32
2802 -4392 -4392 32 32
2803 -4102 -4102 32 32
2804 -3789 -3789 32 32
2805 -3544 -3544 32 32
2806 -3332 -3332 32 32
2807 -3131 -3131 32 32
2808 -2930 -2930 32 32
2809 -2670 -2670 32 32
2810 -2406 -2406 32 32
2811 -2198 -2198 32 32
2812 -1999 -1999 32 32
2813 -1803 -1803 32 32
2814 -1610 -1610 32 32
2815 -1399 -1399 32 32
2816 -1163 -1163 32 32
2817 -957 -957 32 32
2818 -761 -761 32 32
2819 -566 -566 32 32
2820 -372 -372 32 32
2821 -177 -177 32 32
2822 17 17 32 32
2823 211 211 32 32
2824 406 406 32 32
2825 600 600 32 32
2826 796 796 32 32
2827 989 989 32 32
2828 1184 1184 32 32
2829 1355 1355 32 32
2830 1516 1516 32 32
2831 1701 1701 32 32
2832 1892 1892 32 32
2833 2087 2087 32 32
2834 2280 2280 32 32
2835 2476 2476 32 32
2836 2644 2644 32 32
2837 2773 2773 32 32
2838 2928 2928 32 32
2839 3106 3106 32 32
2840 3293 3293 32 32
2841 3486 3486 32 32
2842 3678 3678 32 32
2843 3860 3860 32 32
2844 4000 4000 32 32
2845 4113 4113 32 32
2846 4250 4250 32 32
2847 4409 4409 32 32
2848 4583 4583 32 32
2849 4766 4766 32 32
2850 4949 4949 32 32
2851 5120 5120 32 32
2852 5264 5264 32 32
2853 5375 5375 32 32
2854 5480 5480 32 32
2855 5605 5605 32 32
2856 5748 5748 32 32
2857 5904 5904 32 32
2858 6066 6066 32 32
2859 6227 6227 32 32
2860 6375 6375 32 32
2861 6516 6516 32 32
2862 6615 6615 32 32
2863 6742 6742 32 32
2864 6780 6780 32 32
2865 6993 6993 32 32
2866 6925 6925 32 32
2867 7340 7340 32 32
2868 3951 3951 32 32
2869 -2034 -2034 32 32
2870 -3683 -3683 32 32
2871 -4650 -4650 32 32
2872 -5195 -5195 32 32
2873 -5652 -5652 32 32
2874 -6003 -6003 32 32
2875 -6312 -6312 32 32
2876 -6533 -6533 32 32
2877 -6692 -6692 32 32
2878 -6808 -6808 32 32
2879 -6899 -6899 32 32
2880 -6963 -6963 32 32
2881 -6995 -6995 32 32
2882 -6990 -6990 32 32
2883 -6939 -6939 32 32
2884 -6822 -6822 32 32
2885 -6638 -6638 32 32
2886 -6434 -6434 32 32
2887 -6224 -6224 32 32
2888 -5996 -5996 32 32
2889 -5729 -5729 32 32
2890 -5395 -5395 32 32
2891 -5065 -5065 32 32
2892 -4800 -4800 32 32
2893 -4564 -4564 32 32
2894 -4322 -4322 32 32
2895 -4014 -4014 32 32
2896 -3716 -3716 32 32
2897 -3487 -3487 32 32
2898 -3277 -3277 32 32
2899 -3080 -3080 32 32
2900 -2868 -2868 32 32
2901 -2595 -2595 32 32
2902 -2348 -2348 32 32
2903 -2144 -2144 32 32
2904 -1947 -1947 32 32
2905 -1751 -1751 32 32
2906 -1558 -1558 32 32
2907 -1335 -1335 32 32
2908 -1104 -1104 32 32
2909 -905 -905 32 32
2910 -709 -709 32 32
2911 -515 -515 32 32
2912 -320 -320 32 32
2913 -126 -126 32 32
2914 68 68 32 32
2915 263 263 32 32
2916 458 458 32 32
2917 652 652 32 32
2918 846 846 32 32
2919 1041 1041 32 32
2920 1233 1233 32 32
2921 1396 1396 32 32
2922 1563 1563 32 32
2923 1752 1752 32 32
2924 1943 1943 32 32
2925 2139 2139 32 32
2926 2332 2332 32 32
2927 2526 2526 32 32
2928 2678 2678 32 32
2929 2810 2810 32 32
2930 2974 2974 32 32
2931 3155 3155 32 32
2932 3344 3344 32 32
2933 3537 3537 32 32
2934 3729 3729 32 32
2935 3903 3903 32 32
2936 4031 4031 32 32
2937 4146 4146 32 32
2938 4291 4291 32 32
2939 4454 4454 32 32
2940 4631 4631 32 32
2941 4815 4815 32 32
2942 4997 4997 32 32
2943 5162 5162 32 32
2944 5296 5296 32 32
2945 5401 5401 32 32
2946 5512 5512 32 32
2947 5642 5642 32 32
2948 5789 5789 32 32
2949 5947 5947 32 32
2950 6109 6109 32 32
2951 6268 6268 32 32
2952 6414 6414 32 32
2953 6547 6547 32 32
2954 6645 6645 32 32
2955 6762 6762 32 32
2956 6815 6815 32 32
2957 7010 7010 32 32
2958 6991 6991 32 32
2959 7113 7113 32 32
2960 2199 2199 32 32
2961 -2790 -2790 32 32
2962 -3878 -3878 32 32
2963 -4843 -4843 32 32
2964 -5298 -5298 32 32
2965 -5755 -5755 32 32
2966 -6083 -6083 32 32
2967 -6377 -6377 32 32
2968 -6579 -6579 32 32
2969 -6726 -6726 32 32
2970 -6834 -6834 32 32
2971 -6918 -6918 32 32
2972 -6975 -6975 32 32
2973 -6998 -6998 32 32
2974 -6982 -6982 32 32
2975 -6917 -6917 32 32
2976 -6779 -6779 32 32
2977 -6586 -6586 32 32
2978 -6380 -6380 32 32
2979 -6165 -6165 32 32
2980 -5931 -5931 32 32
2981 -5646 -5646 32 32
2982 -5303 -5303 32 32
2983 -4990 -4990 32 32
2984 -4735 -4735 32 32
2985 -4503 -4503 32 32
2986 -4247 -4247 32 32
2987 -3929 -3929 32 32
2988 -3651 -3651 32 32
2989 -3430 -3430 32 32
2990 -3224 -3224 32 32
2991 -3028 -3028 32 32
2992 -2801 -2801 32 32
2993 -2522 -2522 32 32
2994 -2292 -2292 32 32
2995 -2091 -2091 32 32
2996 -1895 -1895 32 32
2997 -1700 -1700 32 32
2998 -1503 -1503 32 32
2999 -1271 -1271 32 32
3000 -1050 -1050 32 32
3001 -853 -853 32 32
3002 -657 -657 32 32
3003 -463 -463 32 32
3004 -268 -268 32 32
3005 -74 -74 32 32
3006 120 120 32 32
3007 315 315 32 32
3008 509 509 32 32
3009 704 704 32 32
3010 898 898 32 32
3011 1094 1094 32 32
3012 1279 1279 32 32
3013 1437 1437 32 32
3014 1613 1613 32 32
3015 1803 1803 32 32
3016 1996 1996 32 32
3017 2190 2190 32 32
3018 2384 2384 32 32
3019 2572 2572 32 32
3020 2713 2713 32 32
3021 2851 2851 32 32
3022 3021 3021 32 32
3023 3205 3205 32 32
3024 3396 3396 32 32
3025 3588 3588 32 32
3026 3779 3779 32 32
3027 3941 3941 32 32
3028 4060 4060 32 32
3029 4182 4182 32 32
3030 4332 4332 32 32
3031 4500 4500 32 32
3032 4680 4680 32 32
3033 4864 4864 32 32
3034 5043 5043 32 32
3035 5201 5201 32 32
3036 5326 5326 32 32
3037 5428 5428 32 32
3038 5544 5544 32 32
3039 5679 5679 32 32
3040 5830 5830 32 32
3041 5990 5990 32 32
3042 6153 6153 32 32
3043 6308 6308 32 32
3044 6452 6452 32 32
3045 6573 6573 32 32
3046 6681 6681 32 32
3047 6767 6767 32 32
3048 6879 6879 32 32
3049 6975 6975 32 32
3050 7151 7151 32 32
3051 6392 6392 32 32
3052 381 381 32 32
3053 -3262 -3262 32 32
3054 -4177 -4177 32 32
3055 -5003 -5003 32 32
3056 -5432 -5432 32 32
3057 -5856 -5856 32 32
3058 -6173 -6173 32 32
3059 -6442 -6442 32 32
3060 -6625 -6625 32 32
3061 -6759 -6759 32 32
3062 -6861 -6861 32 32
3063 -6938 -6938 32 32
3064 -6986 -6986 32 32
3065 -6999 -6999 32 32
3066 -6971 -6971 32 32
3067 -6887 -6887 32 32
3068 -6731 -6731 32 32
3069 -6531 -6531 32 32
3070 -6324 -6324 32 32
3071 -6105 -6105 32 32
3072 -5862 -5862 32 32
3073 -5557 -5557 32 32
3074 -5212 -5212 32 32
3075 -4918 -4918 32 32
3076 -4672 -4672 32 32
3077 -4441 -4441 32 32
3078 -4166 -4166 32 32
3079 -3846 -3846 32 32
3080 -3589 -3589 32 32
3081 -3375 -3375 32 32
3082 -3171 -3171 32 32
3083 -2973 -2973 32 32
3084 -2727 -2727 32 32
3085 -2455 -2455 32 32
3086 -2239 -2239 32 32
3087 -2038 -2038 32 32
3088 -1842 -1842 32 32
3089 -1649 -1649 32 32
3090 -1445 -1445 32 32
3091 -1208 -1208 32 32
3092 -996 -996 32 32
3093 -801 -801 32 32
3094 -606 -606 32 32
3095 -411 -411 32 32
3096 -216 -216 32 32
3097 -22 -22 32 32
3098 172 172 32 32
3099 367 367 32 32
3100 561 561 32 32
3101 756 756 32 32
3102 950 950 32 32
3103 1146 1146 32 32
3104 1323 1323 32 32
3105 1481 1481 32 32
3106 1662 1662 32 32
3107 1853 1853 32 32
3108 2048 2048 32 32
3109 2241 2241 32 32
3110 2436 2436 32 32
3111 2614 2614 32 32
3112 2746 2746 32 32
3113 2894 2894 32 32
3114 3069 3069 32 32
3115 3255 3255 32 32
3116 3446 3446 32 32
3117 3640 3640 32 32
3118 3826 3826 32 32
3119 3976 3976 32 32
3120 4089 4089 32 32
3121 4220 4220 32 32
3122 4376 4376 32 32
3123 4547 4547 32 32
3124 4729 4729 32 32
3125 4913 4913 32 32
3126 5088 5088 32 32
3127 5238 5238 32 32
3128 5354 5354 32 32
3129 5457 5457 32 32
3130 5579 5579 32 32
3131 5718 5718 32 32
3132 5872 5872 32 32
3133 6033 6033 32 32
3134 6195 6195 32 32
3135 6346 6346 32 32
3136 6490 6490 32 32
3137 6596 6596 32 32
3138 6718 6718 32 32
3139 6771 6771 32 32
3140 6950 6950 32 32
3141 6934 6934 32 32
3142 7307 7307 32 32
3143 5240 5240 32 32
3144 -1093 -1093 32 32
3145 -3487 -3487 32 32
3146 -4430 -4430 32 32
3147 -5103 -5103 32 32
3148 -5549 -5549 32 32
3149 -5933 -5933 32 32
3150 -6248 -6248 32 32
3151 -6491 -6491 32 32
3152 -6661 -6661 32 32
3153 -6785 -6785 32 32
3154 -6881 -6881 32 32
3155 -6951 -6951 32 32
3156 -6990 -6990 32 32
3157 -6993 -6993 32 32
3158 -6952 -6952 32 32
3159 -6851 -6851 32 32
3160 -6677 -6677 32 32
3161 -6474 -6474 32 32
3162 -6265 -6265 32 32
3163 -6042 -6042 32 32
3164 -5787 -5787 32 32
3165 -5463 -5463 32 32
3166 -5125 -5125 32 32
3167 -4848 -4848 32 32
3168 -4607 -4607 32 32
3169 -4373 -4373 32 32
3170 -4078 -4078 32 32
3171 -3768 -3768 32 32
3172 -3528 -3528 32 32
3173 -3316 -3316 32 32
3174 -3116 -3116 32 32
3175 -2913 -2913 32 32
3176 -2650 -2650 32 32
3177 -2390 -2390 32 32
3178 -2183 -2183 32 32
3179 -1984 -1984 32 32
3180 -1789 -1789 32 32
3181 -1596 -1596 32 32
3182 -1382 -1382 32 32
3183 -1148 -1148 32 32
3184 -944 -944 32 32
3185 -747 -747 32 32
3186 -553 -553 32 32
3187 -359 -359 32 32
3188 -165 -165 32 32
3189 29 29 32 32
3190 224 224 32 32
3191 418 418 32 32
3192 612 612 32 32
3193 807 807 32 32
3194 1000 1000 32 32
3195 1195 1195 32 32
3196 1363 1363 32 32
3197 1524 1524 32 32
3198 1711 1711 32 32
3199 1901 1901 32 32
3200 2096 2096 32 32
3201 2289 2289 32 32
3202 2483 2483 32 32
3203 2647 2647 32 32
3204 2777 2777 32 32
3205 2933 2933 32 32
3206 3112 3112 32 32
3207 3299 3299 32 32
3208 3491 3491 32 32
3209 3683 3683 32 32
3210 3863 3863 32 32
3211 3999 3999 32 32
3212 4112 4112 32 32
3213 4250 4250 32 32
3214 4409 4409 32 32
3215 4584 4584 32 32
3216 4766 4766 32 32
3217 4949 4949 32 32
3218 5117 5117 32 32
3219 5259 5259 32 32
3220 5367 5367 32 32
3221 5473 5473 32 32
3222 5599 5599 32 32
3223 5743 5743 32 32
3224 5899 5899 32 32
3225 6060 6060 32 32
3226 6220 6220 32 32
3227 6367 6367 32 32
3228 6505 6505 32 32
3229 6603 6603 32 32
3230 6728 6728 32 32
3231 6765 6765 32 32
3232 6979 6979 32 32
3233 6912 6912 32 32
3234 7288 7288 32 32
3235 3515 3515 32 32
3236 -2246 -2246 32 32
3237 -3723 -3723 32 32
3238 -4691 -4691 32 32
3239 -5206 -5206 32 32
3240 -5662 -5662 32 32
3241 -6005 -6005 32 32
3242 -6308 -6308 32 32
3243 -6523 -6523 32 32
3244 -6678 -6678 32 32
3245 -6792 -6792 32 32
3246 -6880 -6880 32 32
3247 -6942 -6942 32 32
3248 -6972 -6972 32 32
3249 -6963 -6963 32 32
3250 -6909 -6909 32 32
3251 -6787 -6787 32 32
3252 -6601 -6601 32 32
3253 -6396 -6396 32 32
3254 -6186 -6186 32 32
3255 -5957 -5957 32 32
3256 -5686 -5686 32 32
3257 -5351 -5351 32 32
3258 -5027 -5027 32 32
3259 -4765 -4765 32 32
3260 -4531 -4531 32 32
3261 -4287 -4287 32 32
3262 -3977 -3977 32 32
3263 -3685 -3685 32 32
3264 -3458 -3458 32 32
3265 -3250 -3250 32 32
3266 -3054 -3054 32 32
3267 -2840 -2840 32 32
3268 -2565 -2565 32 32
3269 -2324 -2324 32 32
3270 -2122 -2122 32 32
3271 -1926 -1926 32 32
3272 -1731 -1731 32 32
3273 -1538 -1538 32 32
3274 -1314 -1314 32 32
3275 -1086 -1086 32 32
3276 -889 -889 32 32
3277 -693 -693 32 32
3278 -500 -500 32 32
3279 -306 -306 32 32
3280 -113 -113 32 32
3281 81 81 32 32
3282 275 275 32 32
3283 468 468 32 32
3284 662 662 32 32
3285 854 854 32 32
3286 1048 1048 32 32
3287 1238 1238 32 32
3288 1399 1399 32 32
3289 1567 1567 32 32
3290 1755 1755 32 32
3291 1946 1946 32 32
3292 2140 2140 32 32
3293 2332 2332 32 32
3294 2523 2523 32 32
3295 2672 2672 32 32
3296 2804 2804 32 32
3297 2969 2969 32 32
3298 3149 3149 32 32
3299 3338 3338 32 32
3300 3529 3529 32 32
3301 3720 3720 32 32
3302 3890 3890 32 32
3303 4015 4015 32 32
3304 4130 4130 32 32
3305 4276 4276 32 32
3306 4439 4439 32 32
3307 4616 4616 32 32
3308 4798 4798 32 32
3309 4978 4978 32 32
3310 5140 5140 32 32
3311 5272 5272 32 32
3312 5375 5375 32 32
3313 5486 5486 32 32
3314 5616 5616 32 32
3315 5763 5763 32 32
3316 5920 5920 32 32
3317 6081 6081 32 32
3318 6238 6238 32 32
3319 6382 6382 32 32
3320 6511 6511 32 32
3321 6610 6610 32 32
3322 6721 6721 32 32
3323 6784 6784 32 32
3324 6960 6960 32 32
3325 6977 6977 32 32
3326 6941 6941 32 32
3327 1736 1736 32 32
3328 -2908 -2908 32 32
3329 -3915 -3915 32 32
3330 -4850 -4850 32 32
3331 -5290 -5290 32 32
3332 -5739 -5739 32 32
3333 -6061 -6061 32 32
3334 -6349 -6349 32 32
3335 -6543 -6543 32 32
3336 -6686 -6686 32 32
3337 -6792 -6792 32 32
3338 -6874 -6874 32 32
3339 -6927 -6927 32 32
3340 -6948 -6948 32 32
3341 -6929 -6929 32 32
3342 -6860 -6860 32 32
3343 -6718 -6718 32 32
3344 -6524 -6524 32 32
3345 -6319 -6319 32 32
3346 -6105 -6105 32 32
3347 -5871 -5871 32 32
3348 -5583 -5583 32 32
3349 -5241 -5241 32 32
3350 -4935 -4935 32 32
3351 -4684 -4684 32 32
3352 -4454 -4454 32 32
3353 -4195 -4195 32 32
3354 -3878 -3878 32 32
3355 -3607 -3607 32 32
3356 -3390 -3390 32 32
3357 -3186 -3186 32 32
3358 -2991 -2991 32 32
3359 -2761 -2761 32 32
3360 -2486 -2486 32 32
3361 -2261 -2261 32 32
3362 -2062 -2062 32 32
3363 -1867 -1867 32 32
3364 -1674 -1674 32 32
3365 -1477 -1477 32 32
3366 -1246 -1246 32 32
3367 -1029 -1029 32 32
3368 -833 -833 32 32
3369 -639 -639 32 32
3370 -447 -447 32 32
3371 -253 -253 32 32
3372 -61 -61 32 32
3373 132 132 32 32
3374 325 325 32 32
3375 518 518 32 32
3376 711 711 32 32
3377 903 903 32 32
3378 1097 1097 32 32
3379 1279 1279 32 32
3380 1435 1435 32 32
3381 1610 1610 32 32
3382 1799 1799 32 32
3383 1990 1990 32 32
3384 2183 2183 32 32
3385 2375 2375 32 32
3386 2559 2559 32 32
3387 2696 2696 32 32
3388 2835 2835 32 32
3389 3006 3006 32 32
3390 3188 3188 32 32
3391 3377 3377 32 32
3392 3568 3568 32 32
3393 3756 3756 32 32
3394 3914 3914 32 32
3395 4029 4029 32 32
3396 4152 4152 32 32
3397 4302 4302 32 32
3398 4469 4469 32 32
3399 4648 4648 32 32
3400 4830 4830 32 32
3401 5006 5006 32 32
3402 5160 5160 32 32
3403 5281 5281 32 32
3404 5383 5383 32 32
3405 5499 5499 32 32
3406 5634 5634 32 32
3407 5783 5783 32 32
3408 5942 5942 32 32
3409 6103 6103 32 32
3410 6255 6255 32 32
3411 6397 6397 32 32
3412 6513 6513 32 32
3413 6624 6624 32 32
3414 6700 6700 32 32
3415 6828 6828 32 32
3416 6894 6894 32 32
3417 7121 7121 32 32
3418 6086 6086 32 32
3419 -8 -8 32 32
3420 -3294 -3294 32 32
3421 -4200 -4200 32 32
3422 -4980 -4980 32 32
3423 -5406 -5406 32 32
3424 -5815 -5815 32 32
3425 -6128 -6128 32 32
3426 -6388 -6388 32 32
3427 -6565 -6565 32 32
3428 -6695 -6695 32 32
3429 -6794 -6794 32 32
3430 -6868 -6868 32 32
3431 -6914 -6914 32 32
3432 -6924 -6924 32 32
3433 -6893 -6893 32 32
3434 -6805 -6805 32 32
3435 -6646 -6646 32 32
3436 -6447 -6447 32 32
3437 -6242 -6242 32 32
3438 -6025 -6025 32 32
3439 -5781 -5781 32 32
3440 -5475 -5475 32 32
3441 -5134 -5134 32 32
3442 -4847 -4847 32 32
3443 -4605 -4605 32 32
3444 -4377 -4377 32 32
3445 -4099 -4099 32 32
3446 -3785 -3785 32 32
3447 -3534 -3534 32 32
3448 -3323 -3323 32 32
3449 -3122 -3122 32 32
3450 -2926 -2926 32 32
3451 -2678 -2678 32 32
3452 -2411 -2411 32 32
3453 -2200 -2200 32 32
3454 -2003 -2003 32 32
3455 -1809 -1809 32 32
3456 -1618 -1618 32 32
3457 -1414 -1414 32 32
3458 -1180 -1180 32 32
3459 -972 -972 32 32
3460 -779 -779 32 32
3461 -586 -586 32 32
3462 -394 -394 32 32
3463 -202 -202 32 32
3464 -10 -10 32 32
3465 182 182 32 32
3466 375 375 32 32
3467 567 567 32 32
3468 760 760 32 32
3469 951 951 32 32
3470 1144 1144 32 32
3471 1317 1317 32 32
3472 1474 1474 32 32
3473 1655 1655 32 32
3474 1843 1843 32 32
3475 2035 2035 32 32
3476 2226 2226 32 32
3477 2419 2419 32 32
3478 2591 2591 32 32
3479 2720 2720 32 32
3480 2868 2868 32 32
3481 3042 3042 32 32
3482 3226 3226 32 32
3483 3415 3415 32 32
3484 3606 3606 32 32
3485 3788 3788 32 32
3486 3933 3933 32 32
3487 4045 4045 32 32
3488 4175 4175 32 32
3489 4330 4330 32 32
3490 4499 4499 32 32
3491 4679 4679 32 32
3492 4861 4861 32 32
3493 5032 5032 32 32
3494 5178 5178 32 32
3495 5291 5291 32 32
3496 5392 5392 32 32
3497 5514 5514 32 32
3498 5653 5653 32 32
3499 5805 5805 32 32
3500 5963 5963 32 32
3501 6123 6123 32 32
3502 6271 6271 32 32
3503 6411 6411 32 32
3504 6513 6513 32 32
3505 6636 6636 32 32
3506 6681 6681 32 32
3507 6871 6871 32 32
3508 6835 6835 32 32
3509 7229 7229 32 32
3510 4791 4791 32 32
3511 -1394 -1394 32 32
3512 -3497 -3497 32 32
3513 -4436 -4436 32 32
3514 -5058 -5058 32 32
3515 -5501 -5501 32 32
3516 -5869 -5869 32 32
3517 -6179 -6179 32 32
3518 -6412 -6412 32 32
3519 -6576 -6576 32 32
3520 -6696 -6696 32 32
3521 -6789 -6789 32 32
3522 -6856 -6856 32 32
3523 -6892 -6892 32 32
3524 -6893 -6893 32 32
3525 -6850 -6850 32 32
3526 -6744 -6744 32 32
3527 -6570 -6570 32 32
3528 -6370 -6370 32 32
3529 -6163 -6163 32 32
3530 -5941 -5941 32 32
3531 -5687 -5687 32 32
3532 -5364 -5364 32 32
3533 -5033 -5033 32 32
3534 -4763 -4763 32 32
3535 -4528 -4528 32 32
3536 -4295 -4295 32 32
3537 -4000 -4000 32 32
3538 -3698 -3698 32 32
3539 -3464 -3464 32 32
3540 -3257 -3257 32 32
3541 -3060 -3060 32 32
3542 -2858 -2858 32 32
3543 -2594 -2594 32 32
3544 -2342 -2342 32 32
3545 -2139 -2139 32 32
3546 -1944 -1944 32 32
3547 -1751 -1751 32 32
3548 -1561 -1561 32 32
3549 -1348 -1348 32 32
3550 -1117 -1117 32 32
3551 -918 -918 32 32
3552 -724 -724 32 32
3553 -533 -533 32 32
3554 -342 -342 32 32
3555 -150 -150 32 32
3556 41 41 32 32
3557 233 233 32 32
3558 424 424 32 32
3559 616 616 32 32
3560 808 808 32 32
3561 998 998 32 32
3562 1190 1190 32 32
3563 1353 1353 32 32
3564 1514 1514 32 32
3565 1699 1699 32 32
3566 1887 1887 32 32
3567 2078 2078 32 32
3568 2269 2269 32 32
3569 2460 2460 32 32
3570 2618 2618 32 32
3571 2746 2746 32 32
3572 2903 2903 32 32
3573 3079 3079 32 32
3574 3264 3264 32 32
3575 3454 3454 32 32
3576 3643 3643 32 32
3577 3818 3818 32 32
3578 3950 3950 32 32
3579 4062 4062 32 32
3580 4200 4200 32 32
3581 4358 4358 32 32
3582 4531 4531 32 32
3583 4711 4711 32 32
3584 4891 4891 32 32
3585 5055 5055 32 32
3586 5193 5193 32 32
3587 5298 5298 32 32
3588 5403 5403 32 32
3589 5530 5530 32 32
3590 5672 5672 32 32
3591 5826 5826 32 32
3592 5985 5985 32 32
3593 6142 6142 32 32
3594 6286 6286 32 32
3595 6422 6422 32 32
3596 6517 6517 32 32
3597 6639 6639 32 32
3598 6678 6678 32 32
3599 6888 6888 32 32
3600 6827 6827 32 32
3601 7147 7147 32 32
3602 3032 3032 32 32
3603 -2419 -2419 32 32
3604 -3717 -3717 32 32
3605 -4677 -4677 32 32
3606 -5157 -5157 32 32
3607 -5609 -5609 32 32
3608 -5940 -5940 32 32
3609 -6236 -6236 32 32
3610 -6443 -6443 32 32
3611 -6593 -6593 32 32
3612 -6703 -6703 32 32
3613 -6789 -6789 32 32
3614 -6848 -6848 32 32
3615 -6875 -6875 32 32
3616 -6865 -6865 32 32
3617 -6807 -6807 32 32
3618 -6682 -6682 32 32
3619 -6497 -6497 32 32
3620 -6295 -6295 32 32
3621 -6085 -6085 32 32
3622 -5859 -5859 32 32
3623 -5587 -5587 32 32
3624 -5254 -5254 32 32
3625 -4938 -4938 32 32
3626 -4682 -4682 32 32
3627 -4453 -4453 32 32
3628 -4209 -4209 32 32
3629 -3900 -3900 32 32
3630 -3618 -3618 32 32
3631 -3396 -3396 32 32
3632 -3192 -3192 32 32
3633 -2998 -2998 32 32
3634 -2784 -2784 32 32
3635 -2511 -2511 32 32
3636 -2278 -2278 32 32
3637 -2080 -2080 32 32
3638 -1886 -1886 32 32
3639 -1694 -1694 32 32
3640 -1504 -1504 32 32
3641 -1281 -1281 32 32
3642 -1057 -1057 32 32
3643 -864 -864 32 32
3644 -671 -671 32 32
3645 -481 -481 32 32
3646 -290 -290 32 32
3647 -99 -99 32 32
3648 92 92 32 32
3649 283 283 32 32
3650 474 474 32 32
3651 664 664 32 32
3652 855 855 32 32
3653 1047 1047 32 32
3654 1232 1232 32 32
3655 1389 1389 32 32
3656 1557 1557 32 32
3657 1742 1742 32 32
3658 1931 1931 32 32
3659 2122 2122 32 32
3660 2312 2312 32 32
3661 2499 2499 32 32
3662 2643 2643 32 32
3663 2774 2774 32 32
3664 2939 2939 32 32
3665 3117 3117 32 32
3666 3304 3304 32 32
3667 3492 3492 32 32
3668 3680 3680 32 32
3669 3844 3844 32 32
3670 3965 3965 32 32
3671 4081 4081 32 32
3672 4225 4225 32 32
3673 4388 4388 32 32
3674 4562 4562 32 32
3675 4743 4743 32 32
3676 4919 4919 32 32
3677 5078 5078 32 32
3678 5205 5205 32 32
3679 5306 5306 32 32
3680 5416 5416 32 32
3681 5546 5546 32 32
3682 5692 5692 32 32
3683 5847 5847 32 32
3684 6006 6006 32 32
3685 6159 6159 32 32
3686 6302 6302 32 32
3687 6426 6426 32 32
3688 6526 6526 32 32
3689 6628 6628 32 32
3690 6704 6704 32 32
3691 6854 6854 32 32
3692 6917 6917 32 32
3693 6686 6686 32 32
3694 1284 1284 32 32
3695 -2979 -2979 32 32
3696 -3932 -3932 32 32
3697 -4819 -4819 32 32
3698 -5246 -5246 32 32
3699 -5679 -5679 32 32
3700 -5995 -5995 32 32
3701 -6272 -6272 32 32
3702 -6461 -6461 32 32
3703 -6599 -6599 32 32
3704 -6702 -6702 32 32
3705 -6781 -6781 32 32
3706 -6831 -6831 32 32
3707 -6849 -6849 32 32
3708 -6828 -6828 32 32
3709 -6755 -6755 32 32
3710 -6611 -6611 32 32
3711 -6419 -6419 32 32
3712 -6217 -6217 32 32
3713 -6005 -6005 32 32
3714 -5772 -5772 32 32
3715 -5484 -5484 32 32
3716 -5145 -5145 32 32
3717 -4849 -4849 32 32
3718 -4603 -4603 32 32
3719 -4377 -4377 32 32
3720 -4117 -4117 32 32
3721 -3803 -3803 32 32
3722 -3542 -3542 32 32
3723 -3329 -3329 32 32
3724 -3128 -3128 32 32
3725 -2937 -2937 32 32
3726 -2706 -2706 32 32
3727 -2435 -2435 32 32
3728 -2217 -2217 32 32
3729 -2020 -2020 32 32
3730 -1829 -1829 32 32
3731 -1638 -1638 32 32
3732 -1443 -1443 32 32
3733 -1214 -1214 32 32
3734 -1002 -1002 32 32
3735 -809 -809 32 32
3736 -618 -618 32 32
3737 -428 -428 32 32
3738 -238 -238 32 32
3739 -48 -48 32 32
3740 142 142 32 32
3741 333 333 32 32
3742 522 522 32 32
3743 713 713 32 32
3744 902 902 32 32
3745 1094 1094 32 32
3746 1272 1272 32 32
3747 1425 1425 32 32
3748 1599 1599 32 32
3749 1785 1785 32 32
3750 1975 1975 32 32
3751 2164 2164 32 32
3752 2354 2354 32 32
3753 2534 2534 32 32
3754 2667 2667 32 32
3755 2806 2806 32 32
3756 2974 2974 32 32
3757 3155 3155 32 32
3758 3342 3342 32 32
3759 3530 3530 32 32
3760 3714 3714 32 32
3761 3867 3867 32 32
3762 3980 3980 32 32
3763 4103 4103 32 32
3764 4252 4252 32 32
3765 4417 4417 32 32
3766 4593 4593 32 32
3767 4774 4774 32 32
3768 4946 4946 32 32
3769 5096 5096 32 32
3770 5214 5214 32 32
3771 5314 5314 32 32
3772 5430 5430 32 32
3773 5564 5564 32 32
3774 5712 5712 32 32
3775 5869 5869 32 32
3776 6027 6027 32 32
3777 6176 6176 32 32
3778 6317 6317 32 32
3779 6428 6428 32 32
3780 6540 6540 32 32
3781 6607 6607 32 32
3782 6749 6749 32 32
3783 6787 6787 32 32
3784 7059 7059 32 32
3785 5766 5766 32 32
3786 -363 -363 32 32
3787 -3304 -3304 32 32
3788 -4199 -4199 32 32
3789 -4934 -4934 32 32
3790 -5357 -5357 32 32
3791 -5752 -5752 32 32
3792 -6059 -6059 32 32
3793 -6310 -6310 32 32
3794 -6482 -6482 32 32
3795 -6607 -6607 32 32
3796 -6703 -6703 32 32
3797 -6775 -6775 32 32
3798 -6818 -6818 32 32
3799 -6825 -6825 32 32
3800 -6792 -6792 32 32
3801 -6702 -6702 32 32
3802 -6541 -6541 32 32
3803 -6345 -6345 32 32
3804 -6141 -6141 32 32
3805 -5926 -5926 32 32
3806 -5683 -5683 32 32
3807 -5377 -5377 32 32
3808 -5042 -5042 32 32
3809 -4764 -4764 32 32
3810 -4526 -4526 32 32
3811 -4300 -4300 32 32
3812 -4022 -4022 32 32
3813 -3714 -3714 32 32
3814 -3471 -3471 32 32
3815 -3263 -3263 32 32
3816 -3066 -3066 32 32
3817 -2872 -2872 32 32
3818 -2622 -2622 32 32
3819 -2362 -2362 32 32
3820 -2157 -2157 32 32
3821 -1962 -1962 32 32
3822 -1772 -1772 32 32
3823 -1583 -1583 32 32
3824 -1380 -1380 32 32
3825 -1149 -1149 32 32
3826 -947 -947 32 32
3827 -756 -756 32 32
3828 -566 -566 32 32
3829 -376 -376 32 32
3830 -187 -187 32 32
3831 2 2 32 32
3832 192 192 32 32
3833 382 382 32 32
3834 571 571 32 32
3835 761 761 32 32
3836 949 949 32 32
3837 1140 1140 32 32
3838 1308 1308 32 32
3839 1464 1464 32 32
3840 1643 1643 32 32
3841 1829 1829 32 32
3842 2018 2018 32 32
3843 2207 2207 32 32
3844 2397 2397 32 32
3845 2564 2564 32 32
3846 2690 2690 32 32
3847 2839 2839 32 32
3848 3011 3011 32 32
3849 3193 3193 32 32
3850 3380 3380 32 32
3851 3567 3567 32 32
3852 3746 3746 32 32
3853 3885 3885 32 32
3854 3995 3995 32 32
3855 4126 4126 32 32
3856 4280 4280 32 32
3857 4448 4448 32 32
3858 4625 4625 32 32
3859 4804 4804 32 32
3860 4971 4971 32 32
3861 5114 5114 32 32
3862 5222 5222 32 32
3863 5324 5324 32 32
3864 5444 5444 32 32
3865 5582 5582 32 32
3866 5733 5733 32 32
3867 5890 5890 32 32
3868 6047 6047 32 32
3869 6192 6192 32 32
3870 6329 6329 32 32
3871 6428 6428 32 32
3872 6550 6550 32 32
3873 6590 6590 32 32
3874 6789 6789 32 32
3875 6735 6735 32 32
3876 7141 7141 32 32
3877 4329 4329 32 32
3878 -1660 -1660 32 32
3879 -3510 -3510 32 32
3880 -4443 -4443 32 32
3881 -5015 -5015 32 32
3882 -5455 -5455 32 32
3883 -5807 -5807 32 32
3884 -6111 -6111 32 32
3885 -6334 -6334 32 32
3886 -6492 -6492 32 32
3887 -6608 -6608 32 32
3888 -6698 -6698 32 32
3889 -6762 -6762 32 32
3890 -6795 -6795 32 32
3891 -6794 -6794 32 32
3892 -6748 -6748 32 32
3893 -6639 -6639 32 32
3894 -6465 -6465 32 32
3895 -6266 -6266 32 32
3896 -6063 -6063 32 32
3897 -5843 -5843 32 32
3898 -5588 -5588 32 32
3899 -5267 -5267 32 32
3900 -4943 -4943 32 32
3901 -4681 -4681 32 32
3902 -4450 -4450 32 32
3903 -4218 -4218 32 32
3904 -3922 -3922 32 32
3905 -3628 -3628 32 32
3906 -3402 -3402 32 32
3907 -3198 -3198 32 32
3908 -3005 -3005 32 32
3909 -2803 -2803 32 32
3910 -2541 -2541 32 32
3911 -2296 -2296 32 32
3912 -2097 -2097 32 32
3913 -1904 -1904 32 32
3914 -1715 -1715 32 32
3915 -1527 -1527 32 32
3916 -1314 -1314 32 32
3917 -1087 -1087 32 32
3918 -893 -893 32 32
3919 -702 -702 32 32
3920 -514 -514 32 32
3921 -325 -325 32 32
3922 -136 -136 32 32
3923 53 53 32 32
3924 242 242 32 32
3925 430 430 32 32
3926 620 620 32 32
3927 808 808 32 32
3928 997 997 32 32
3929 1185 1185 32 32
3930 1344 1344 32 32
3931 1504 1504 32 32
3932 1687 1687 32 32
3933 1873 1873 32 32
3934 2062 2062 32 32
3935 2249 2249 32 32
3936 2437 2437 32 32
3937 2590 2590 32 32
3938 2716 2716 32 32
3939 2873 2873 32 32
3940 3047 3047 32 32
3941 3231 3231 32 32
3942 3417 3417 32 32
3943 3603 3603 32 32
3944 3775 3775 32 32
3945 3902 3902 32 32
3946 4012 4012 32 32
3947 4150 4150 32 32
3948 4308 4308 32 32
3949 4478 4478 32 32
3950 4657 4657 32 32
3951 4833 4833 32 32
3952 4994 4994 32 32
3953 5127 5127 32 32
3954 5230 5230 32 32
3955 5335 5335 32 32
3956 5460 5460 32 32
3957 5602 5602 32 32
3958 5754 5754 32 32
3959 5911 5911 32 32
3960 6066 6066 32 32
3961 6207 6207 32 32
3962 6338 6338 32 32
3963 6432 6432 32 32
3964 6551 6551 32 32
3965 6593 6593 32 32
3966 6794 6794 32 32
3967 6748 6748 32 32
3968 6990 6990 32 32
3969 2585 2585 32 32
3970 -2552 -2552 32 32
3971 -3707 -3707 32 32
3972 -4653 -4653 32 32
3973 -5107 -5107 32 32
3974 -5553 -5553 32 32
3975 -5875 -5875 32 32
3976 -6164 -6164 32 32
3977 -6362 -6362 32 32
3978 -6509 -6509 32 32
3979 -6615 -6615 32 32
3980 -6699 -6699 32 32
3981 -6754 -6754 32 32
3982 -6779 -6779 32 32
3983 -6766 -6766 32 32
