0 0 0 32 32
1 0 0 32 32
2 0 0 32 32
3 0 0 32 32
4 0 0 32 32
5 0 0 32 32
6 0 0 32 32
7 0 0 32 32
8 0 0 32 32
9 0 0 32 32
10 0 0 32 32
11 0 0 32 32
12 0 0 32 32
13 0 0 32 32
14 0 0 32 32
15 0 0 32 32
16 0 0 32 32
17 0 0 32 32
18 0 0 32 32
19 0 0 32 32
20 0 0 32 32
21 0 0 32 32
22 0 0 32 32
23 0 0 32 32
24 0 0 32 32
25 0 0 32 32
26 0 0 32 32
27 0 0 32 32
28 0 0 32 32
29 0 0 32 32
30 0 0 32 32
31 0 0 32 32
32 0 0 32 32
33 0 0 32 32
34 0 0 32 32
35 0 0 32 32
36 0 0 32 32
37 0 0 32 32
38 0 0 32 32
39 0 0 32 32
40 0 0 32 32
41 0 0 32 32
42 0 0 32 32
43 0 0 32 32
44 0 0 32 32
45 0 0 32 32
46 0 0 32 32
47 0 0 32 32
48 0 0 32 32
49 0 0 32 32
50 0 0 32 32
51 0 0 32 32
52 0 0 32 32
53 0 0 32 32
54 0 0 32 32
55 0 0 32 32
56 0 0 32 32
57 0 0 32 32
58 0 0 32 32
59 0 0 32 32
60 0 0 32 32
61 0 0 32 32
62 0 0 32 32
63 0 0 32 32
64 0 0 32 32
65 0 0 32 32
66 0 0 32 32
67 0 0 32 32
68 0 0 32 32
69 0 0 32 32
70 0 0 32 32
71 0 0 32 32
72 0 0 32 32
73 0 0 32 32
74 0 0 32 32
75 0 0 32 32
76 0 0 32 32
77 0 0 32 32
78 0 0 32 32
79 0 0 32 32
80 0 0 32 32
81 0 0 32 32
82 0 0 32 32
83 0 0 32 32
84 0 0 32 32
85 0 0 32 32
86 0 0 32 32
87 0 0 32 32
88 0 0 32 32
89 0 0 32 32
90 0 0 32 32
91 0 0 32 32
92 0 0 32 32
93 0 0 32 32
94 0 0 32 32
95 0 0 32 32
96 0 0 32 32
97 0 0 32 32
98 0 0 32 32
99 0 0 32 32
100 0 0 32 32
101 0 0 32 32
102 0 0 32 32
103 0 0 32 32
104 0 0 32 32
105 0 0 32 32
106 0 0 32 32
107 0 0 32 32
108 0 0 32 32
109 0 0 32 32
110 0 0 32 32
111 0 0 32 32
112 0 0 32 32
113 0 0 32 32
114 0 0 32 32
115 0 0 32 32
116 0 0 32 32
117 0 0 32 32
118 0 0 32 32
119 0 0 32 32
120 0 0 32 32
121 0 0 32 32
122 0 0 32 32
123 0 0 32 32
124 0 0 32 32
125 0 0 32 32
126 0 0 32 32
127 0 0 32 32
128 0 0 32 32
129 0 0 32 32
130 0 0 32 32
131 0 0 32 32
132 0 0 32 32
133 0 0 32 32
134 0 0 32 32
135 0 0 32 32
136 0 0 32 32
137 0 0 32 32
138 0 0 32 32
139 0 0 32 32
140 0 0 32 32
141 0 0 32 32
142 0 0 32 32
143 0 0 32 32
144 0 0 32 32
145 0 0 32 32
146 0 0 32 32
147 0 0 32 32
148 0 0 32 32
149 0 0 32 32
150 0 0 32 32
151 0 0 32 32
152 0 0 32 32
153 0 0 32 32
154 0 0 32 32
155 0 0 32 32
156 0 0 32 32
157 0 0 32 32
158 0 0 32 32
159 0 0 32 32
160 0 0 32 32
161 0 0 32 32
162 0 0 32 32
163 0 0 32 32
164 0 0 32 32
165 0 0 32 32
166 0 0 32 32
167 0 0 32 32
168 0 0 32 32
169 0 0 32 32
170 0 0 32 32
171 0 0 32 32
172 0 0 32 32
173 0 0 32 32
174 0 0 32 32
175 0 0 32 32
176 0 0 32 32
177 0 0 32 32
178 0 0 32 32
179 0 0 32 32
180 0 0 32 32
181 0 0 32 32
182 0 0 32 32
183 0 0 32 32
184 0 0 32 32
185 0 0 32 32
186 0 0 32 32
187 0 0 32 32
188 0 0 32 32
189 0 0 32 32
190 0 0 32 32
191 0 0 32 32
192 0 0 32 32
193 0 0 32 32
194 0 0 32 32
195 0 0 32 32
196 0 0 32 32
197 0 0 32 32
198 0 0 32 32
199 0 0 32 32
200 0 0 32 32
201 0 0 32 32
202 0 0 32 32
203 0 0 32 32
204 0 0 32 32
205 0 0 32 32
206 0 0 32 32
207 0 0 32 32
208 0 0 32 32
209 0 0 32 32
210 0 0 32 32
211 0 0 32 32
212 0 0 32 32
213 0 0 32 32
214 0 0 32 32
215 0 0 32 32
216 0 0 32 32
217 0 0 32 32
218 0 0 32 32
219 0 0 32 32
220 0 0 32 32
221 0 0 32 32
222 0 0 32 32
223 0 0 32 32
224 0 0 32 32
225 0 0 32 32
226 0 0 32 32
227 0 0 32 32
228 0 0 32 32
229 0 0 32 32
230 0 0 32 32
231 0 0 32 32
232 0 0 32 32
233 0 0 32 32
234 0 0 32 32
235 0 0 32 32
236 0 0 32 32
237 0 0 32 32
238 0 0 32 32
239 0 0 32 32
240 0 0 32 32
241 0 0 32 32
242 0 0 32 32
243 0 0 32 32
244 0 0 32 32
245 0 0 32 32
246 0 0 32 32
247 0 0 32 32
248 0 0 32 32
249 0 0 32 32
250 0 0 32 32
251 0 0 32 32
252 0 0 32 32
253 0 0 32 32
254 0 0 32 32
255 0 0 32 32
256 0 0 32 32
257 0 0 32 32
258 0 0 32 32
259 0 0 32 32
260 0 0 32 32
261 0 0 32 32
262 0 0 32 32
263 0 0 32 32
264 0 0 32 32
265 0 0 32 32
266 0 0 32 32
267 0 0 32 32
268 0 0 32 32
269 0 0 32 32
270 0 0 32 32
271 0 0 32 32
272 0 0 32 32
273 0 0 32 32
274 0 0 32 32
275 0 0 32 32
276 0 0 32 32
277 0 0 32 32
278 0 0 32 32
279 0 0 32 32
280 0 0 32 32
281 0 0 32 32
282 0 0 32 32
283 0 0 32 32
284 0 0 32 32
285 0 0 32 32
286 0 0 32 32
287 0 0 32 32
288 0 0 32 32
289 0 0 32 32
290 0 0 32 32
291 0 0 32 32
292 0 0 32 32
293 0 0 32 32
294 0 0 32 32
295 0 0 32 32
296 0 0 32 32
297 0 0 32 32
298 0 0 32 32
299 0 0 32 32
300 0 0 32 32
301 0 0 32 32
302 0 0 32 32
303 0 0 32 32
304 0 0 32 32
305 0 0 32 32
306 0 0 32 32
307 0 0 32 32
308 0 0 32 32
309 0 0 32 32
310 0 0 32 32
311 0 0 32 32
312 0 0 32 32
313 0 0 32 32
314 0 0 32 32
315 0 0 32 32
316 0 0 32 32
317 0 0 32 32
318 0 0 32 32
319 0 0 32 32
320 0 0 32 32
321 0 0 32 32
322 0 0 32 32
323 0 0 32 32
324 0 0 32 32
325 0 0 32 32
326 0 0 32 32
327 0 0 32 32
328 0 0 32 32
329 0 0 32 32
330 0 0 32 32
331 0 0 32 32
332 0 0 32 32
333 0 0 32 32
334 0 0 32 32
335 0 0 32 32
336 0 0 32 32
337 0 0 32 32
338 0 0 32 32
339 0 0 32 32
340 0 0 32 32
341 0 0 32 32
342 0 0 32 32
343 0 0 32 32
344 0 0 32 32
345 0 0 32 32
346 0 0 32 32
347 0 0 32 32
348 0 0 32 32
349 0 0 32 32
350 0 0 32 32
351 0 0 32 32
352 0 0 32 32
353 0 0 32 32
354 0 0 32 32
355 0 0 32 32
356 0 0 32 32
357 0 0 32 32
358 0 0 32 32
359 0 0 32 32
360 0 0 32 32
361 0 0 32 32
362 0 0 32 32
363 0 0 32 32
364 0 0 32 32
365 0 0 32 32
366 0 0 32 32
367 0 0 32 32
368 0 0 32 32
369 0 0 32 32
370 0 0 32 32
371 0 0 32 32
372 0 0 32 32
373 0 0 32 32
374 0 0 32 32
375 0 0 32 32
376 0 0 32 32
377 0 0 32 32
378 0 0 32 32
379 0 0 32 32
380 0 0 32 32
381 0 0 32 32
382 0 0 32 32
383 0 0 32 32
384 0 0 32 32
385 0 0 32 32
386 0 0 32 32
387 0 0 32 32
388 0 0 32 32
389 0 0 32 32
390 0 0 32 32
391 0 0 32 32
392 0 0 32 32
393 0 0 32 32
394 0 0 32 32
395 0 0 32 32
396 0 0 32 32
397 0 0 32 32
398 0 0 32 32
399 0 0 32 32
400 0 0 32 32
401 0 0 32 32
402 0 0 32 32
403 0 0 32 32
404 0 0 32 32
405 0 0 32 32
406 0 0 32 32
407 0 0 32 32
408 0 0 32 32
409 0 0 32 32
410 0 0 32 32
411 0 0 32 32
412 0 0 32 32
413 0 0 32 32
414 0 0 32 32
415 0 0 32 32
416 0 0 32 32
417 0 0 32 32
418 0 0 32 32
419 0 0 32 32
420 0 0 32 32
421 0 0 32 32
422 0 0 32 32
423 0 0 32 32
424 0 0 32 32
425 0 0 32 32
426 0 0 32 32
427 0 0 32 32
428 0 0 32 32
429 0 0 32 32
430 0 0 32 32
431 0 0 32 32
432 0 0 32 32
433 0 0 32 32
434 0 0 32 32
435 0 0 32 32
436 0 0 32 32
437 0 0 32 32
438 0 0 32 32
439 0 0 32 32
440 0 0 32 32
441 0 0 32 32
442 0 0 32 32
443 0 0 32 32
444 0 0 32 32
445 0 0 32 32
446 0 0 32 32
447 0 0 32 32
448 0 0 32 32
449 0 0 32 32
450 0 0 32 32
451 0 0 32 32
452 0 0 32 32
453 0 0 32 32
454 0 0 32 32
455 0 0 32 32
456 0 0 32 32
457 0 0 32 32
458 0 0 32 32
459 0 0 32 32
460 0 0 32 32
461 0 0 32 32
462 0 0 32 32
463 0 0 32 32
464 0 0 32 32
465 0 0 32 32
466 0 0 32 32
467 0 0 32 32
468 0 0 32 32
469 0 0 32 32
470 0 0 32 32
471 0 0 32 32
472 0 0 32 32
473 0 0 32 32
474 0 0 32 32
475 0 0 32 32
476 0 0 32 32
477 0 0 32 32
478 0 0 32 32
479 0 0 32 32
480 0 0 32 32
481 0 0 32 32
482 0 0 32 32
483 0 0 32 32
484 0 0 32 32
485 0 0 32 32
486 0 0 32 32
487 0 0 32 32
488 0 0 32 32
489 0 0 32 32
490 0 0 32 32
491 0 0 32 32
492 0 0 32 32
493 0 0 32 32
494 0 0 32 32
495 0 0 32 32
496 0 0 32 32
497 0 0 32 32
498 0 0 32 32
499 0 0 32 32
500 0 0 32 32
501 0 0 32 32
502 0 0 32 32
503 0 0 32 32
504 0 0 32 32
505 0 0 32 32
506 0 0 32 32
507 0 0 32 32
508 0 0 32 32
509 0 0 32 32
510 0 0 32 32
511 0 0 32 32
512 0 0 32 32
513 0 0 32 32
514 0 0 32 32
515 0 0 32 32
516 0 0 32 32
517 0 0 32 32
518 0 0 32 32
519 0 0 32 32
520 0 0 32 32
521 0 0 32 32
522 0 0 32 32
523 0 0 32 32
524 0 0 32 32
525 0 0 32 32
526 0 0 32 32
527 0 0 32 32
528 0 0 32 32
529 0 0 32 32
530 0 0 32 32
531 0 0 32 32
532 0 0 32 32
533 0 0 32 32
534 0 0 32 32
535 0 0 32 32
536 0 0 32 32
537 0 0 32 32
538 0 0 32 32
539 0 0 32 32
540 0 0 32 32
541 0 0 32 32
542 0 0 32 32
543 0 0 32 32
544 0 0 32 32
545 0 0 32 32
546 0 0 32 32
547 0 0 32 32
548 0 0 32 32
549 0 0 32 32
550 0 0 32 32
551 0 0 32 32
552 0 0 32 32
553 0 0 32 32
554 0 0 32 32
555 0 0 32 32
556 0 0 32 32
557 0 0 32 32
558 0 0 32 32
559 0 0 32 32
560 0 0 32 32
561 0 0 32 32
562 0 0 32 32
563 0 0 32 32
564 0 0 32 32
565 0 0 32 32
566 0 0 32 32
567 0 0 32 32
568 0 0 32 32
569 0 0 32 32
570 0 0 32 32
571 0 0 32 32
572 0 0 32 32
573 0 0 32 32
574 0 0 32 32
575 0 0 32 32
576 0 0 32 32
577 0 0 32 32
578 0 0 32 32
579 0 0 32 32
580 0 0 32 32
581 0 0 32 32
582 0 0 32 32
583 0 0 32 32
584 0 0 32 32
585 0 0 32 32
586 0 0 32 32
587 0 0 32 32
588 0 0 32 32
589 0 0 32 32
590 0 0 32 32
591 0 0 32 32
592 0 0 32 32
593 0 0 32 32
594 0 0 32 32
595 0 0 32 32
596 0 0 32 32
597 0 0 32 32
598 0 0 32 32
599 0 0 32 32
600 0 0 32 32
601 0 0 32 32
602 0 0 32 32
603 0 0 32 32
604 0 0 32 32
605 0 0 32 32
606 0 0 32 32
607 0 0 32 32
608 0 0 32 32
609 0 0 32 32
610 0 0 32 32
611 0 0 32 32
612 0 0 32 32
613 0 0 32 32
614 0 0 32 32
615 0 0 32 32
616 0 0 32 32
617 0 0 32 32
618 0 0 32 32
619 0 0 32 32
620 0 0 32 32
621 0 0 32 32
622 0 0 32 32
623 0 0 32 32
624 0 0 32 32
625 0 0 32 32
626 0 0 32 32
627 0 0 32 32
628 0 0 32 32
629 0 0 32 32
630 0 0 32 32
631 0 0 32 32
632 0 0 32 32
633 0 0 32 32
634 0 0 32 32
635 0 0 32 32
636 0 0 32 32
637 0 0 32 32
638 0 0 32 32
639 0 0 32 32
640 0 0 32 32
641 0 0 32 32
642 0 0 32 32
643 0 0 32 32
644 0 0 32 32
645 0 0 32 32
646 0 0 32 32
647 0 0 32 32
648 0 0 32 32
649 0 0 32 32
650 0 0 32 32
651 0 0 32 32
652 0 0 32 32
653 0 0 32 32
654 0 0 32 32
655 0 0 32 32
656 0 0 32 32
657 0 0 32 32
658 0 0 32 32
659 0 0 32 32
660 0 0 32 32
661 0 0 32 32
662 0 0 32 32
663 0 0 32 32
664 0 0 32 32
665 0 0 32 32
666 0 0 32 32
667 0 0 32 32
668 0 0 32 32
669 0 0 32 32
670 0 0 32 32
671 0 0 32 32
672 0 0 32 32
673 0 0 32 32
674 0 0 32 32
675 0 0 32 32
676 0 0 32 32
677 0 0 32 32
678 0 0 32 32
679 0 0 32 32
680 0 0 32 32
681 0 0 32 32
682 0 0 32 32
683 0 0 32 32
684 0 0 32 32
685 0 0 32 32
686 0 0 32 32
687 0 0 32 32
688 0 0 32 32
689 0 0 32 32
690 0 0 32 32
691 0 0 32 32
692 0 0 32 32
693 0 0 32 32
694 0 0 32 32
695 0 0 32 32
696 0 0 32 32
697 0 0 32 32
698 0 0 32 32
699 0 0 32 32
700 0 0 32 32
701 0 0 32 32
702 0 0 32 32
703 0 0 32 32
704 0 0 32 32
705 0 0 32 32
706 0 0 32 32
707 0 0 32 32
708 0 0 32 32
709 0 0 32 32
710 0 0 32 32
711 0 0 32 32
712 0 0 32 32
713 0 0 32 32
714 0 0 32 32
715 0 0 32 32
716 0 0 32 32
717 0 0 32 32
718 0 0 32 32
719 0 0 32 32
720 0 0 32 32
721 0 0 32 32
722 0 0 32 32
723 0 0 32 32
724 0 0 32 32
725 0 0 32 32
726 0 0 32 32
727 0 0 32 32
728 0 0 32 32
729 0 0 32 32
730 0 0 32 32
731 0 0 32 32
732 0 0 32 32
733 0 0 32 32
734 0 0 32 32
735 0 0 32 32
736 0 0 32 32
737 0 0 32 32
738 0 0 32 32
739 0 0 32 32
740 0 0 32 32
741 0 0 32 32
742 0 0 32 32
743 0 0 32 32
744 0 0 32 32
745 0 0 32 32
746 0 0 32 32
747 0 0 32 32
748 0 0 32 32
749 0 0 32 32
750 0 0 32 32
751 0 0 32 32
752 0 0 32 32
753 0 0 32 32
754 0 0 32 32
755 0 0 32 32
756 0 0 32 32
757 0 0 32 32
758 0 0 32 32
759 0 0 32 32
760 0 0 32 32
761 0 0 32 32
762 0 0 32 32
763 0 0 32 32
764 0 0 32 32
765 0 0 32 32
766 0 0 32 32
767 0 0 32 32
768 0 0 32 32
769 0 0 32 32
770 0 0 32 32
771 0 0 32 32
772 0 0 32 32
773 0 0 32 32
774 0 0 32 32
775 0 0 32 32
776 0 0 32 32
777 0 0 32 32
778 0 0 32 32
779 0 0 32 32
780 0 0 32 32
781 0 0 32 32
782 0 0 32 32
783 0 0 32 32
784 0 0 32 32
785 0 0 32 32
786 0 0 32 32
787 0 0 32 32
788 0 0 32 32
789 0 0 32 32
790 0 0 32 32
791 0 0 32 32
792 0 0 32 32
793 0 0 32 32
794 0 0 32 32
795 0 0 32 32
796 0 0 32 32
797 0 0 32 32
798 0 0 32 32
799 0 0 32 32
800 0 0 32 32
801 0 0 32 32
802 0 0 32 32
803 0 0 32 32
804 0 0 32 32
805 0 0 32 32
806 0 0 32 32
807 0 0 32 32
808 0 0 32 32
809 0 0 32 32
810 0 0 32 32
811 0 0 32 32
812 0 0 32 32
813 0 0 32 32
814 0 0 32 32
815 0 0 32 32
816 0 0 32 32
817 0 0 32 32
818 0 0 32 32
819 0 0 32 32
820 0 0 32 32
821 0 0 32 32
822 0 0 32 32
823 0 0 32 32
824 0 0 32 32
825 0 0 32 32
826 0 0 32 32
827 0 0 32 32
828 0 0 32 32
829 0 0 32 32
830 0 0 32 32
831 0 0 32 32
832 0 0 32 32
833 0 0 32 32
834 0 0 32 32
835 0 0 32 32
836 0 0 32 32
837 0 0 32 32
838 0 0 32 32
839 0 0 32 32
840 0 0 32 32
841 0 0 32 32
842 0 0 32 32
843 0 0 32 32
844 0 0 32 32
845 0 0 32 32
846 0 0 32 32
847 0 0 32 32
848 0 0 32 32
849 0 0 32 32
850 0 0 32 32
851 0 0 32 32
852 0 0 32 32
853 0 0 32 32
854 0 0 32 32
855 0 0 32 32
856 0 0 32 32
857 0 0 32 32
858 0 0 32 32
859 0 0 32 32
860 0 0 32 32
861 0 0 32 32
862 0 0 32 32
863 0 0 32 32
864 0 0 32 32
865 0 0 32 32
866 0 0 32 32
867 0 0 32 32
868 0 0 32 32
869 0 0 32 32
870 0 0 32 32
871 0 0 32 32
872 0 0 32 32
873 0 0 32 32
874 0 0 32 32
875 0 0 32 32
876 0 0 32 32
877 0 0 32 32
878 0 0 32 32
879 0 0 32 32
880 0 0 32 32
881 0 0 32 32
882 0 0 32 32
883 0 0 32 32
884 0 0 32 32
885 0 0 32 32
886 0 0 32 32
887 0 0 32 32
888 0 0 32 32
889 0 0 32 32
890 0 0 32 32
891 0 0 32 32
892 0 0 32 32
893 0 0 32 32
894 0 0 32 32
895 0 0 32 32
896 0 0 32 32
897 0 0 32 32
898 0 0 32 32
899 0 0 32 32
900 0 0 32 32
901 0 0 32 32
902 0 0 32 32
903 0 0 32 32
904 0 0 32 32
905 0 0 32 32
906 0 0 32 32
907 0 0 32 32
908 0 0 32 32
909 0 0 32 32
910 0 0 32 32
911 0 0 32 32
912 0 0 32 32
913 0 0 32 32
914 0 0 32 32
915 0 0 32 32
916 0 0 32 32
917 0 0 32 32
918 0 0 32 32
919 0 0 32 32
920 0 0 32 32
921 0 0 32 32
922 0 0 32 32
923 0 0 32 32
924 0 0 32 32
925 0 0 32 32
926 0 0 32 32
927 0 0 32 32
928 0 0 32 32
929 0 0 32 32
930 0 0 32 32
931 0 0 32 32
932 0 0 32 32
933 0 0 32 32
934 0 0 32 32
935 0 0 32 32
936 0 0 32 32
937 0 0 32 32
938 0 0 32 32
939 0 0 32 32
940 0 0 32 32
941 0 0 32 32
942 0 0 32 32
943 0 0 32 32
944 0 0 32 32
945 0 0 32 32
946 0 0 32 32
947 0 0 32 32
948 0 0 32 32
949 0 0 32 32
950 0 0 32 32
951 0 0 32 32
952 0 0 32 32
953 0 0 32 32
954 0 0 32 32
955 0 0 32 32
956 0 0 32 32
957 0 0 32 32
958 0 0 32 32
959 0 0 32 32
960 0 0 32 32
961 0 0 32 32
962 0 0 32 32
963 0 0 32 32
964 0 0 32 32
965 0 0 32 32
966 0 0 32 32
967 0 0 32 32
968 0 0 32 32
969 0 0 32 32
970 0 0 32 32
971 0 0 32 32
972 0 0 32 32
973 0 0 32 32
974 0 0 32 32
975 0 0 32 32
976 0 0 32 32
977 0 0 32 32
978 0 0 32 32
979 0 0 32 32
980 0 0 32 32
981 0 0 32 32
982 0 0 32 32
983 0 0 32 32
984 0 0 32 32
985 0 0 32 32
986 0 0 32 32
987 0 0 32 32
988 0 0 32 32
989 0 0 32 32
990 0 0 32 32
991 0 0 32 32
992 0 0 32 32
993 0 0 32 32
994 0 0 32 32
995 0 0 32 32
996 0 0 32 32
997 0 0 32 32
998 0 0 32 32
999 0 0 32 32
1000 0 0 32 32
1001 0 0 32 32
1002 0 0 32 32
1003 0 0 32 32
1004 0 0 32 32
1005 0 0 32 32
1006 0 0 32 32
1007 0 0 32 32
1008 0 0 32 32
1009 0 0 32 32
1010 0 0 32 32
1011 0 0 32 32
1012 0 0 32 32
1013 0 0 32 32
1014 0 0 32 32
1015 0 0 32 32
1016 0 0 32 32
1017 0 0 32 32
1018 0 0 32 32
1019 0 0 32 32
1020 0 0 32 32
1021 0 0 32 32
1022 0 0 32 32
1023 0 0 32 32
1024 0 0 32 32
1025 0 0 32 32
1026 0 0 32 32
1027 0 0 32 32
1028 0 0 32 32
1029 0 0 32 32
1030 0 0 32 32
1031 0 0 32 32
1032 0 0 32 32
1033 0 0 32 32
1034 0 0 32 32
1035 0 0 32 32
1036 0 0 32 32
1037 0 0 32 32
1038 0 0 32 32
1039 0 0 32 32
1040 0 0 32 32
1041 0 0 32 32
1042 0 0 32 32
1043 0 0 32 32
1044 0 0 32 32
1045 0 0 32 32
1046 0 0 32 32
1047 0 0 32 32
1048 0 0 32 32
1049 0 0 32 32
1050 0 0 32 32
1051 0 0 32 32
1052 0 0 32 32
1053 0 0 32 32
1054 0 0 32 32
1055 0 0 32 32
1056 0 0 32 32
1057 0 0 32 32
1058 0 0 32 32
1059 0 0 32 32
1060 0 0 32 32
1061 0 0 32 32
1062 0 0 32 32
1063 0 0 32 32
1064 0 0 32 32
1065 0 0 32 32
1066 0 0 32 32
1067 0 0 32 32
1068 0 0 32 32
1069 0 0 32 32
1070 0 0 32 32
1071 0 0 32 32
1072 0 0 32 32
1073 0 0 32 32
1074 0 0 32 32
1075 0 0 32 32
1076 0 0 32 32
1077 0 0 32 32
1078 0 0 32 32
1079 0 0 32 32
1080 0 0 32 32
1081 0 0 32 32
1082 0 0 32 32
1083 0 0 32 32
1084 0 0 32 32
1085 0 0 32 32
1086 0 0 32 32
1087 0 0 32 32
1088 0 0 32 32
1089 0 0 32 32
1090 0 0 32 32
1091 0 0 32 32
1092 0 0 32 32
1093 0 0 32 32
1094 0 0 32 32
1095 0 0 32 32
1096 0 0 32 32
1097 0 0 32 32
1098 0 0 32 32
1099 0 0 32 32
1100 0 0 32 32
1101 0 0 32 32
1102 0 0 32 32
1103 0 0 32 32
1104 0 0 32 32
1105 0 0 32 32
1106 0 0 32 32
1107 0 0 32 32
1108 0 0 32 32
1109 0 0 32 32
1110 0 0 32 32
1111 0 0 32 32
1112 0 0 32 32
1113 0 0 32 32
1114 0 0 32 32
1115 0 0 32 32
1116 0 0 32 32
1117 0 0 32 32
1118 0 0 32 32
1119 0 0 32 32
1120 0 0 32 32
1121 0 0 32 32
1122 0 0 32 32
1123 0 0 32 32
1124 0 0 32 32
1125 0 0 32 32
1126 0 0 32 32
1127 0 0 32 32
1128 0 0 32 32
1129 0 0 32 32
1130 0 0 32 32
1131 0 0 32 32
1132 0 0 32 32
1133 0 0 32 32
1134 0 0 32 32
1135 0 0 32 32
1136 0 0 32 32
1137 0 0 32 32
1138 0 0 32 32
1139 0 0 32 32
1140 0 0 32 32
1141 0 0 32 32
1142 0 0 32 32
1143 0 0 32 32
1144 0 0 32 32
1145 0 0 32 32
1146 0 0 32 32
1147 0 0 32 32
1148 0 0 32 32
1149 0 0 32 32
1150 0 0 32 32
1151 0 0 32 32
1152 0 0 32 32
1153 0 0 32 32
1154 0 0 32 32
1155 0 0 32 32
1156 0 0 32 32
1157 0 0 32 32
1158 0 0 32 32
1159 0 0 32 32
1160 0 0 32 32
1161 0 0 32 32
1162 0 0 32 32
1163 0 0 32 32
1164 0 0 32 32
1165 0 0 32 32
1166 0 0 32 32
1167 0 0 32 32
1168 0 0 32 32
1169 0 0 32 32
1170 0 0 32 32
1171 0 0 32 32
1172 0 0 32 32
1173 0 0 32 32
1174 0 0 32 32
1175 0 0 32 32
1176 0 0 32 32
1177 0 0 32 32
1178 0 0 32 32
1179 0 0 32 32
1180 0 0 32 32
1181 0 0 32 32
1182 0 0 32 32
1183 0 0 32 32
1184 0 0 32 32
1185 0 0 32 32
1186 0 0 32 32
1187 0 0 32 32
1188 0 0 32 32
1189 0 0 32 32
1190 0 0 32 32
1191 0 0 32 32
1192 0 0 32 32
1193 0 0 32 32
1194 0 0 32 32
1195 0 0 32 32
1196 0 0 32 32
1197 0 0 32 32
1198 0 0 32 32
1199 0 0 32 32
1200 0 0 32 32
1201 0 0 32 32
1202 0 0 32 32
1203 0 0 32 32
1204 0 0 32 32
1205 0 0 32 32
1206 0 0 32 32
1207 0 0 32 32
1208 0 0 32 32
1209 0 0 32 32
1210 0 0 32 32
1211 0 0 32 32
1212 0 0 32 32
1213 0 0 32 32
1214 0 0 32 32
1215 0 0 32 32
1216 0 0 32 32
1217 0 0 32 32
1218 0 0 32 32
1219 0 0 32 32
1220 0 0 32 32
1221 0 0 32 32
1222 0 0 32 32
1223 0 0 32 32
1224 0 0 32 32
1225 0 0 32 32
1226 0 0 32 32
1227 0 0 32 32
1228 0 0 32 32
1229 0 0 32 32
1230 0 0 32 32
1231 0 0 32 32
1232 0 0 32 32
1233 0 0 32 32
1234 20 20 32 32
1235 41 41 32 32
1236 63 63 32 32
1237 84 84 32 32
1238 107 107 32 32
1239 129 129 32 32
1240 152 152 32 32
1241 175 175 32 32
1242 198 198 32 32
1243 221 221 32 32
1244 245 245 32 32
1245 269 269 32 32
1246 293 293 32 32
1247 316 316 32 32
1248 341 341 32 32
1249 365 365 32 32
1250 390 390 32 32
1251 414 414 32 32
1252 441 441 32 32
1253 461 461 32 32
1254 477 477 32 32
1255 297 297 32 32
1256 -26 -26 32 32
1257 -171 -171 32 32
1258 -244 -244 32 32
1259 -297 -297 32 32
1260 -342 -342 32 32
1261 -382 -382 32 32
1262 -420 -420 32 32
1263 -457 -457 32 32
1264 -491 -491 32 32
1265 -524 -524 32 32
1266 -557 -557 32 32
1267 -590 -590 32 32
1268 -623 -623 32 32
1269 -656 -656 32 32
1270 -688 -688 32 32
1271 -718 -718 32 32
1272 -748 -748 32 32
1273 -778 -778 32 32
1274 -808 -808 32 32
1275 -839 -839 32 32
1276 -869 -869 32 32
1277 -901 -901 32 32
1278 -932 -932 32 32
1279 -963 -963 32 32
1280 -994 -994 32 32
1281 -1024 -1024 32 32
1282 -1055 -1055 32 32
1283 -1085 -1085 32 32
1284 -1116 -1116 32 32
1285 -1145 -1145 32 32
1286 -1174 -1174 32 32
1287 -1202 -1202 32 32
1288 -1231 -1231 32 32
1289 -1260 -1260 32 32
1290 -1288 -1288 32 32
1291 -1316 -1316 32 32
1292 -1345 -1345 32 32
1293 -1373 -1373 32 32
1294 -1401 -1401 32 32
1295 -1430 -1430 32 32
1296 -1459 -1459 32 32
1297 -1488 -1488 32 32
1298 -1518 -1518 32 32
1299 -1544 -1544 32 32
1300 -1579 -1579 32 32
1301 -1597 -1597 32 32
1302 -1550 -1550 32 32
1303 -788 -788 32 32
1304 184 184 32 32
1305 544 544 32 32
1306 735 735 32 32
1307 859 859 32 32
1308 962 962 32 32
1309 1045 1045 32 32
1310 1125 1125 32 32
1311 1194 1194 32 32
1312 1257 1257 32 32
1313 1314 1314 32 32
1314 1371 1371 32 32
1315 1427 1427 32 32
1316 1482 1482 32 32
1317 1534 1534 32 32
1318 1582 1582 32 32
1319 1628 1628 32 32
1320 1672 1672 32 32
1321 1714 1714 32 32
1322 1756 1756 32 32
1323 1799 1799 32 32
1324 1842 1842 32 32
1325 1885 1885 32 32
1326 1927 1927 32 32
1327 1968 1968 32 32
1328 2010 2010 32 32
1329 2050 2050 32 32
1330 2090 2090 32 32
1331 2128 2128 32 32
1332 2165 2165 32 32
1333 2201 2201 32 32
1334 2237 2237 32 32
1335 2272 2272 32 32
1336 2305 2305 32 32
1337 2339 2339 32 32
1338 2372 2372 32 32
1339 2405 2405 32 32
1340 2438 2438 32 32
1341 2471 2471 32 32
1342 2505 2505 32 32
1343 2535 2535 32 32
1344 2575 2575 32 32
1345 2593 2593 32 32
1346 2463 2463 32 32
1347 1130 1130 32 32
1348 -373 -373 32 32
1349 -898 -898 32 32
1350 -1194 -1194 32 32
1351 -1380 -1380 32 32
1352 -1535 -1535 32 32
1353 -1657 -1657 32 32
1354 -1774 -1774 32 32
1355 -1874 -1874 32 32
1356 -1963 -1963 32 32
1357 -2043 -2043 32 32
1358 -2121 -2121 32 32
1359 -2198 -2198 32 32
1360 -2273 -2273 32 32
1361 -2341 -2341 32 32
1362 -2405 -2405 32 32
1363 -2465 -2465 32 32
1364 -2521 -2521 32 32
1365 -2575 -2575 32 32
1366 -2629 -2629 32 32
1367 -2683 -2683 32 32
1368 -2737 -2737 32 32
1369 -2790 -2790 32 32
1370 -2842 -2842 32 32
1371 -2894 -2894 32 32
1372 -2944 -2944 32 32
1373 -2993 -2993 32 32
1374 -3041 -3041 32 32
1375 -3087 -3087 32 32
1376 -3131 -3131 32 32
1377 -3174 -3174 32 32
1378 -3214 -3214 32 32
1379 -3255 -3255 32 32
1380 -3293 -3293 32 32
1381 -3331 -3331 32 32
1382 -3368 -3368 32 32
1383 -3406 -3406 32 32
1384 -3443 -3443 32 32
1385 -3480 -3480 32 32
1386 -3517 -3517 32 32
1387 -3555 -3555 32 32
1388 -3592 -3592 32 32
1389 -3630 -3630 32 32
1390 -3666 -3666 32 32
1391 -3703 -3703 32 32
1392 -3740 -3740 32 32
1393 -3769 -3769 32 32
1394 -3382 -3382 32 32
1395 -1200 -1200 32 32
1396 717 717 32 32
1397 1342 1342 32 32
1398 1733 1733 32 32
1399 1975 1975 32 32
1400 2181 2181 32 32
1401 2345 2345 32 32
1402 2500 2500 32 32
1403 2629 2629 32 32
1404 2743 2743 32 32
1405 2847 2847 32 32
1406 2949 2949 32 32
1407 3048 3048 32 32
1408 3143 3143 32 32
1409 3230 3230 32 32
1410 3309 3309 32 32
1411 3382 3382 32 32
1412 3452 3452 32 32
1413 3518 3518 32 32
1414 3584 3584 32 32
1415 3650 3650 32 32
1416 3716 3716 32 32
1417 3781 3781 32 32
1418 3844 3844 32 32
1419 3906 3906 32 32
1420 3965 3965 32 32
1421 4024 4024 32 32
1422 4081 4081 32 32
1423 4134 4134 32 32
1424 4185 4185 32 32
1425 4235 4235 32 32
1426 4281 4281 32 32
1427 4327 4327 32 32
1428 4370 4370 32 32
1429 4414 4414 32 32
1430 4455 4455 32 32
1431 4498 4498 32 32
1432 4538 4538 32 32
1433 4582 4582 32 32
1434 4621 4621 32 32
1435 4667 4667 32 32
1436 4701 4701 32 32
1437 4742 4742 32 32
1438 4114 4114 32 32
1439 1241 1241 32 32
1440 -1018 -1018 32 32
1441 -1750 -1750 32 32
1442 -2224 -2224 32 32
1443 -2519 -2519 32 32
1444 -2772 -2772 32 32
1445 -2974 -2974 32 32
1446 -3163 -3163 32 32
1447 -3321 -3321 32 32
1448 -3459 -3459 32 32
1449 -3584 -3584 32 32
1450 -3708 -3708 32 32
1451 -3828 -3828 32 32
1452 -3941 -3941 32 32
1453 -4044 -4044 32 32
1454 -4138 -4138 32 32
1455 -4225 -4225 32 32
1456 -4306 -4306 32 32
1457 -4383 -4383 32 32
1458 -4461 -4461 32 32
1459 -4538 -4538 32 32
1460 -4614 -4614 32 32
1461 -4690 -4690 32 32
1462 -4763 -4763 32 32
1463 -4835 -4835 32 32
1464 -4904 -4904 32 32
1465 -4971 -4971 32 32
1466 -5035 -5035 32 32
1467 -5096 -5096 32 32
1468 -5154 -5154 32 32
1469 -5209 -5209 32 32
1470 -5262 -5262 32 32
1471 -5312 -5312 32 32
1472 -5361 -5361 32 32
1473 -5408 -5408 32 32
1474 -5454 -5454 32 32
1475 -5500 -5500 32 32
1476 -5546 -5546 32 32
1477 -5592 -5592 32 32
1478 -5638 -5638 32 32
1479 -5686 -5686 32 32
1480 -5727 -5727 32 32
1481 -5780 -5780 32 32
1482 -5812 -5812 32 32
1483 -5878 -5878 32 32
1484 -5884 -5884 32 32
1485 -5928 -5928 32 32
1486 -4476 -4476 32 32
1487 -636 -636 32 32
1488 1549 1549 32 32
1489 2314 2314 32 32
1490 2832 2832 32 32
1491 3176 3176 32 32
1492 3461 3461 32 32
1493 3703 3703 32 32
1494 3922 3922 32 32
1495 4104 4104 32 32
1496 4265 4265 32 32
1497 4413 4413 32 32
1498 4559 4559 32 32
1499 4699 4699 32 32
1500 4831 4831 32 32
1501 4949 4949 32 32
1502 5057 5057 32 32
1503 5157 5157 32 32
1504 5249 5249 32 32
1505 5338 5338 32 32
1506 5428 5428 32 32
1507 5518 5518 32 32
1508 5606 5606 32 32
1509 5692 5692 32 32
1510 5775 5775 32 32
1511 5856 5856 32 32
1512 5936 5936 32 32
1513 6011 6011 32 32
1514 6083 6083 32 32
1515 6151 6151 32 32
1516 6215 6215 32 32
1517 6275 6275 32 32
1518 6334 6334 32 32
1519 6389 6389 32 32
1520 6443 6443 32 32
1521 6495 6495 32 32
1522 6545 6545 32 32
1523 6598 6598 32 32
1524 6644 6644 32 32
1525 6704 6704 32 32
1526 6736 6736 32 32
1527 6818 6818 32 32
1528 6813 6813 32 32
1529 6848 6848 32 32
1530 4837 4837 32 32
1531 349 349 32 32
1532 -1921 -1921 32 32
1533 -2775 -2775 32 32
1534 -3351 -3351 32 32
1535 -3748 -3748 32 32
1536 -4072 -4072 32 32
1537 -4352 -4352 32 32
1538 -4601 -4601 32 32
1539 -4808 -4808 32 32
1540 -4992 -4992 32 32
1541 -5161 -5161 32 32
1542 -5328 -5328 32 32
1543 -5490 -5490 32 32
1544 -5638 -5638 32 32
1545 -5772 -5772 32 32
1546 -5893 -5893 32 32
1547 -6005 -6005 32 32
1548 -6109 -6109 32 32
1549 -6210 -6210 32 32
1550 -6311 -6311 32 32
1551 -6412 -6412 32 32
1552 -6511 -6511 32 32
1553 -6607 -6607 32 32
1554 -6700 -6700 32 32
1555 -6791 -6791 32 32
1556 -6878 -6878 32 32
1557 -6963 -6963 32 32
1558 -7042 -7042 32 32
1559 -7116 -7116 32 32
1560 -7187 -7187 32 32
1561 -7253 -7253 32 32
1562 -7317 -7317 32 32
1563 -7377 -7377 32 32
1564 -7436 -7436 32 32
1565 -7492 -7492 32 32
1566 -7547 -7547 32 32
1567 -7602 -7602 32 32
1568 -7657 -7657 32 32
1569 -7711 -7711 32 32
1570 -7765 -7765 32 32
1571 -7822 -7822 32 32
1572 -7870 -7870 32 32
1573 -7935 -7935 32 32
1574 -7965 -7965 32 32
1575 -8057 -8057 32 32
1576 -8040 -8040 32 32
1577 -7951 -7951 32 32
1578 -4819 -4819 32 32
1579 302 302 32 32
1580 2444 2444 32 32
1581 3374 3374 32 32
1582 3973 3973 32 32
1583 4420 4420 32 32
1584 4775 4775 32 32
1585 5094 5094 32 32
1586 5369 5369 32 32
1587 5601 5601 32 32
1588 5805 5805 32 32
1589 5998 5998 32 32
1590 6188 6188 32 32
1591 6369 6369 32 32
1592 6534 6534 32 32
1593 6682 6682 32 32
1594 6817 6817 32 32
1595 6941 6941 32 32
1596 7056 7056 32 32
1597 7170 7170 32 32
1598 7283 7283 32 32
1599 7395 7395 32 32
1600 7505 7505 32 32
1601 7612 7612 32 32
1602 7716 7716 32 32
1603 7816 7816 32 32
1604 7913 7913 32 32
1605 8005 8005 32 32
1606 8093 8093 32 32
1607 8173 8173 32 32
1608 8250 8250 32 32
1609 8322 8322 32 32
1610 8391 8391 32 32
1611 8457 8457 32 32
1612 8520 8520 32 32
1613 8580 8580 32 32
1614 8639 8639 32 32
1615 8700 8700 32 32
1616 8754 8754 32 32
1617 8826 8826 32 32
1618 8861 8861 32 32
1619 8962 8962 32 32
1620 8944 8944 32 32
1621 8764 8764 32 32
1622 4925 4925 32 32
1623 -657 -657 32 32
1624 -2839 -2839 32 32
1625 -3864 -3864 32 32
1626 -4510 -4510 32 32
1627 -5008 -5008 32 32
1628 -5397 -5397 32 32
1629 -5753 -5753 32 32
1630 -6055 -6055 32 32
1631 -6312 -6312 32 32
1632 -6538 -6538 32 32
1633 -6753 -6753 32 32
1634 -6963 -6963 32 32
1635 -7163 -7163 32 32
1636 -7346 -7346 32 32
1637 -7509 -7509 32 32
1638 -7657 -7657 32 32
1639 -7793 -7793 32 32
1640 -7920 -7920 32 32
1641 -8044 -8044 32 32
1642 -8170 -8170 32 32
1643 -8292 -8292 32 32
1644 -8413 -8413 32 32
1645 -8530 -8530 32 32
1646 -8643 -8643 32 32
1647 -8753 -8753 32 32
1648 -8858 -8858 32 32
1649 -8958 -8958 32 32
1650 -9052 -9052 32 32
1651 -9141 -9141 32 32
1652 -9223 -9223 32 32
1653 -9301 -9301 32 32
1654 -9375 -9375 32 32
1655 -9446 -9446 32 32
1656 -9513 -9513 32 32
1657 -9578 -9578 32 32
1658 -9642 -9642 32 32
1659 -9705 -9705 32 32
1660 -9769 -9769 32 32
1661 -9832 -9832 32 32
1662 -9896 -9896 32 32
1663 -9958 -9958 32 32
1664 -10018 -10018 32 32
1665 -10087 -10087 32 32
1666 -10130 -10130 32 32
1667 -10221 -10221 32 32
1668 -10219 -10219 32 32
1669 -9671 -9671 32 32
1670 -4524 -4524 32 32
1671 1341 1341 32 32
1672 3380 3380 32 32
1673 4477 4477 32 32
1674 5138 5138 32 32
1675 5667 5667 32 32
1676 6072 6072 32 32
1677 6447 6447 32 32
1678 6756 6756 32 32
1679 7017 7017 32 32
1680 7244 7244 32 32
1681 7462 7462 32 32
1682 7672 7672 32 32
1683 7870 7870 32 32
1684 8045 8045 32 32
1685 8200 8200 32 32
1686 8338 8338 32 32
1687 8463 8463 32 32
1688 8579 8579 32 32
1689 8692 8692 32 32
1690 8804 8804 32 32
1691 8915 8915 32 32
1692 9021 9021 32 32
1693 9124 9124 32 32
1694 9222 9222 32 32
1695 9315 9315 32 32
1696 9403 9403 32 32
1697 9486 9486 32 32
1698 9561 9561 32 32
1699 9630 9630 32 32
1700 9693 9693 32 32
1701 9751 9751 32 32
1702 9804 9804 32 32
1703 9854 9854 32 32
1704 9901 9901 32 32
1705 9944 9944 32 32
1706 9987 9987 32 32
1707 10029 10029 32 32
1708 10070 10070 32 32
1709 10116 10116 32 32
1710 10146 10146 32 32
1711 10207 10207 32 32
1712 10200 10200 32 32
1713 9456 9456 32 32
1714 3967 3967 32 32
1715 -1614 -1614 32 32
1716 -3468 -3468 32 32
1717 -4531 -4531 32 32
1718 -5171 -5171 32 32
1719 -5695 -5695 32 32
1720 -6095 -6095 32 32
1721 -6469 -6469 32 32
1722 -6773 -6773 32 32
1723 -7032 -7032 32 32
1724 -7258 -7258 32 32
1725 -7475 -7475 32 32
1726 -7685 -7685 32 32
1727 -7882 -7882 32 32
1728 -8056 -8056 32 32
1729 -8210 -8210 32 32
1730 -8347 -8347 32 32
1731 -8472 -8472 32 32
1732 -8587 -8587 32 32
1733 -8700 -8700 32 32
1734 -8813 -8813 32 32
1735 -8923 -8923 32 32
1736 -9029 -9029 32 32
1737 -9131 -9131 32 32
1738 -9229 -9229 32 32
1739 -9322 -9322 32 32
1740 -9410 -9410 32 32
1741 -9492 -9492 32 32
1742 -9567 -9567 32 32
1743 -9636 -9636 32 32
1744 -9698 -9698 32 32
1745 -9756 -9756 32 32
1746 -9809 -9809 32 32
1747 -9859 -9859 32 32
1748 -9905 -9905 32 32
1749 -9948 -9948 32 32
1750 -9991 -9991 32 32
1751 -10034 -10034 32 32
1752 -10076 -10076 32 32
1753 -10116 -10116 32 32
1754 -10159 -10159 32 32
1755 -10196 -10196 32 32
1756 -10240 -10240 32 32
1757 -10272 -10272 32 32
1758 -10318 -10318 32 32
1759 -10341 -10341 32 32
1760 -10370 -10370 32 32
1761 -9011 -9011 32 32
1762 -2813 -2813 32 32
1763 2120 2120 32 32
1764 3684 3684 32 32
1765 4674 4674 32 32
1766 5273 5273 32 32
1767 5777 5777 32 32
1768 6168 6168 32 32
1769 6531 6531 32 32
1770 6824 6824 32 32
1771 7076 7076 32 32
1772 7298 7298 32 32
1773 7515 7515 32 32
1774 7723 7723 32 32
1775 7916 7916 32 32
1776 8086 8086 32 32
1777 8236 8236 32 32
1778 8371 8371 32 32
1779 8493 8493 32 32
1780 8607 8607 32 32
1781 8721 8721 32 32
1782 8833 8833 32 32
1783 8942 8942 32 32
1784 9048 9048 32 32
1785 9150 9150 32 32
1786 9246 9246 32 32
1787 9338 9338 32 32
1788 9425 9425 32 32
1789 9506 9506 32 32
1790 9580 9580 32 32
1791 9647 9647 32 32
1792 9709 9709 32 32
1793 9765 9765 32 32
1794 9817 9817 32 32
1795 9866 9866 32 32
1796 9912 9912 32 32
1797 9954 9954 32 32
1798 9999 9999 32 32
1799 10037 10037 32 32
1800 10087 10087 32 32
1801 10115 10115 32 32
1802 10177 10177 32 32
1803 10181 10181 32 32
1804 10233 10233 32 32
1805 8508 8508 32 32
1806 2127 2127 32 32
1807 -2344 -2344 32 32
1808 -3792 -3792 32 32
1809 -4740 -4740 32 32
1810 -5324 -5324 32 32
1811 -5814 -5814 32 32
1812 -6201 -6201 32 32
1813 -6559 -6559 32 32
1814 -6848 -6848 32 32
1815 -7096 -7096 32 32
1816 -7318 -7318 32 32
1817 -7534 -7534 32 32
1818 -7741 -7741 32 32
1819 -7932 -7932 32 32
1820 -8100 -8100 32 32
1821 -8249 -8249 32 32
1822 -8383 -8383 32 32
1823 -8504 -8504 32 32
1824 -8618 -8618 32 32
1825 -8731 -8731 32 32
1826 -8843 -8843 32 32
1827 -8952 -8952 32 32
1828 -9058 -9058 32 32
1829 -9159 -9159 32 32
1830 -9255 -9255 32 32
1831 -9347 -9347 32 32
1832 -9434 -9434 32 32
1833 -9514 -9514 32 32
1834 -9587 -9587 32 32
1835 -9654 -9654 32 32
1836 -9715 -9715 32 32
1837 -9771 -9771 32 32
1838 -9823 -9823 32 32
1839 -9872 -9872 32 32
1840 -9917 -9917 32 32
1841 -9960 -9960 32 32
1842 -10003 -10003 32 32
1843 -10045 -10045 32 32
1844 -10087 -10087 32 32
1845 -10128 -10128 32 32
1846 -10171 -10171 32 32
1847 -10204 -10204 32 32
1848 -10258 -10258 32 32
1849 -10269 -10269 32 32
1850 -10353 -10353 32 32
1851 -10308 -10308 32 32
1852 -10326 -10326 32 32
1853 -7350 -7350 32 32
1854 -632 -632 32 32
1855 2802 2802 32 32
1856 4057 4057 32 32
1857 4893 4893 32 32
1858 5456 5456 32 32
1859 5910 5910 32 32
1860 6295 6295 32 32
1861 6635 6635 32 32
1862 6912 6912 32 32
1863 7152 7152 32 32
1864 7371 7371 32 32
1865 7585 7585 32 32
1866 7789 7789 32 32
1867 7975 7975 32 32
1868 8137 8137 32 32
1869 8282 8282 32 32
1870 8413 8413 32 32
1871 8531 8531 32 32
1872 8645 8645 32 32
1873 8758 8758 32 32
1874 8869 8869 32 32
1875 8978 8978 32 32
1876 9082 9082 32 32
1877 9182 9182 32 32
1878 9277 9277 32 32
1879 9367 9367 32 32
1880 9453 9453 32 32
1881 9531 9531 32 32
1882 9602 9602 32 32
1883 9668 9668 32 32
1884 9727 9727 32 32
1885 9783 9783 32 32
1886 9834 9834 32 32
1887 9882 9882 32 32
1888 9926 9926 32 32
1889 9968 9968 32 32
1890 10014 10014 32 32
1891 10049 10049 32 32
1892 10106 10106 32 32
1893 10118 10118 32 32
1894 10209 10209 32 32
1895 10162 10162 32 32
1896 10139 10139 32 32
1897 6761 6761 32 32
1898 149 149 32 32
1899 -2930 -2930 32 32
1900 -4141 -4141 32 32
1901 -4936 -4936 32 32
1902 -5495 -5495 32 32
1903 -5938 -5938 32 32
1904 -6322 -6322 32 32
1905 -6656 -6656 32 32
1906 -6931 -6931 32 32
1907 -7168 -7168 32 32
1908 -7387 -7387 32 32
1909 -7601 -7601 32 32
1910 -7804 -7804 32 32
1911 -7988 -7988 32 32
1912 -8149 -8149 32 32
1913 -8293 -8293 32 32
1914 -8423 -8423 32 32
1915 -8541 -8541 32 32
1916 -8654 -8654 32 32
1917 -8768 -8768 32 32
1918 -8879 -8879 32 32
1919 -8987 -8987 32 32
1920 -9091 -9091 32 32
1921 -9191 -9191 32 32
1922 -9285 -9285 32 32
1923 -9375 -9375 32 32
1924 -9460 -9460 32 32
1925 -9538 -9538 32 32
1926 -9609 -9609 32 32
1927 -9674 -9674 32 32
1928 -9733 -9733 32 32
1929 -9788 -9788 32 32
1930 -9840 -9840 32 32
1931 -9887 -9887 32 32
1932 -9931 -9931 32 32
1933 -9974 -9974 32 32
1934 -10016 -10016 32 32
1935 -10059 -10059 32 32
1936 -10101 -10101 32 32
1937 -10141 -10141 32 32
1938 -10184 -10184 32 32
1939 -10217 -10217 32 32
1940 -10270 -10270 32 32
1941 -10281 -10281 32 32
1942 -10366 -10366 32 32
1943 -10316 -10316 32 32
1944 -10096 -10096 32 32
1945 -5766 -5766 32 32
1946 645 645 32 32
1947 3174 3174 32 32
1948 4324 4324 32 32
1949 5043 5043 32 32
1950 5587 5587 32 32
1951 6009 6009 32 32
1952 6389 6389 32 32
1953 6709 6709 32 32
1954 6976 6976 32 32
1955 7207 7207 32 32
1956 7426 7426 32 32
1957 7638 7638 32 32
1958 7838 7838 32 32
1959 8018 8018 32 32
1960 8175 8175 32 32
1961 8316 8316 32 32
1962 8444 8444 32 32
1963 8560 8560 32 32
1964 8673 8673 32 32
1965 8786 8786 32 32
1966 8897 8897 32 32
1967 9004 9004 32 32
1968 9107 9107 32 32
1969 9206 9206 32 32
1970 9300 9300 32 32
1971 9389 9389 32 32
1972 9473 9473 32 32
1973 9550 9550 32 32
1974 9619 9619 32 32
1975 9683 9683 32 32
1976 9742 9742 32 32
1977 9796 9796 32 32
1978 9846 9846 32 32
1979 9893 9893 32 32
1980 9937 9937 32 32
1981 9979 9979 32 32
1982 10024 10024 32 32
1983 10060 10060 32 32
1984 10114 10114 32 32
1985 10131 10131 32 32
1986 10215 10215 32 32
1987 10175 10175 32 32
1988 9845 9845 32 32
1989 5203 5203 32 32
1990 -969 -969 32 32
1991 -3266 -3266 32 32
1992 -4389 -4389 32 32
1993 -5081 -5081 32 32
1994 -5619 -5619 32 32
1995 -6033 -6033 32 32
1996 -6412 -6412 32 32
1997 -6727 -6727 32 32
1998 -6992 -6992 32 32
1999 -7222 -7222 32 32
2000 -7440 -7440 32 32
2001 -7652 -7652 32 32
2002 -7851 -7851 32 32
2003 -8029 -8029 32 32
2004 -8186 -8186 32 32
2005 -8326 -8326 32 32
2006 -8452 -8452 32 32
2007 -8568 -8568 32 32
2008 -8681 -8681 32 32
2009 -8794 -8794 32 32
2010 -8904 -8904 32 32
2011 -9012 -9012 32 32
2012 -9115 -9115 32 32
2013 -9213 -9213 32 32
2014 -9307 -9307 32 32
2015 -9396 -9396 32 32
2016 -9479 -9479 32 32
2017 -9556 -9556 32 32
2018 -9625 -9625 32 32
2019 -9688 -9688 32 32
2020 -9747 -9747 32 32
2021 -9801 -9801 32 32
2022 -9851 -9851 32 32
2023 -9898 -9898 32 32
2024 -9941 -9941 32 32
2025 -9984 -9984 32 32
2026 -10026 -10026 32 32
2027 -10069 -10069 32 32
2028 -10110 -10110 32 32
2029 -10151 -10151 32 32
2030 -10191 -10191 32 32
2031 -10229 -10229 32 32
2032 -10274 -10274 32 32
2033 -10299 -10299 32 32
2034 -10358 -10358 32 32
2035 -10343 -10343 32 32
2036 -9629 -9629 32 32
2037 -4151 -4151 32 32
2038 1550 1550 32 32
2039 3451 3451 32 32
2040 4522 4522 32 32
2041 5166 5166 32 32
2042 5691 5691 32 32
2043 6092 6092 32 32
2044 6466 6466 32 32
2045 6770 6770 32 32
2046 7030 7030 32 32
2047 7256 7256 32 32
2048 7473 7473 32 32
2049 7683 7683 32 32
2050 7880 7880 32 32
2051 8054 8054 32 32
2052 8208 8208 32 32
2053 8345 8345 32 32
2054 8470 8470 32 32
2055 8585 8585 32 32
2056 8698 8698 32 32
2057 8811 8811 32 32
2058 8921 8921 32 32
2059 9027 9027 32 32
2060 9129 9129 32 32
2061 9227 9227 32 32
2062 9320 9320 32 32
2063 9408 9408 32 32
2064 9490 9490 32 32
2065 9565 9565 32 32
2066 9633 9633 32 32
2067 9696 9696 32 32
2068 9754 9754 32 32
2069 9807 9807 32 32
2070 9857 9857 32 32
2071 9903 9903 32 32
2072 9946 9946 32 32
2073 9990 9990 32 32
2074 10031 10031 32 32
2075 10073 10073 32 32
2076 10116 10116 32 32
2077 10152 10152 32 32
2078 10202 10202 32 32
2079 10211 10211 32 32
2080 9294 9294 32 32
2081 3564 3564 32 32
2082 -1792 -1792 32 32
2083 -3533 -3533 32 32
2084 -4575 -4575 32 32
2085 -5202 -5202 32 32
2086 -5721 -5721 32 32
2087 -6118 -6118 32 32
2088 -6489 -6489 32 32
2089 -6789 -6789 32 32
2090 -7046 -7046 32 32
2091 -7271 -7271 32 32
2092 -7488 -7488 32 32
2093 -7698 -7698 32 32
2094 -7893 -7893 32 32
2095 -8066 -8066 32 32
2096 -8219 -8219 32 32
2097 -8355 -8355 32 32
2098 -8479 -8479 32 32
2099 -8593 -8593 32 32
2100 -8707 -8707 32 32
2101 -8819 -8819 32 32
2102 -8929 -8929 32 32
2103 -9035 -9035 32 32
2104 -9138 -9138 32 32
2105 -9235 -9235 32 32
2106 -9328 -9328 32 32
2107 -9415 -9415 32 32
2108 -9497 -9497 32 32
2109 -9572 -9572 32 32
2110 -9640 -9640 32 32
2111 -9702 -9702 32 32
2112 -9759 -9759 32 32
2113 -9813 -9813 32 32
2114 -9862 -9862 32 32
2115 -9908 -9908 32 32
2116 -9951 -9951 32 32
2117 -9993 -9993 32 32
2118 -10036 -10036 32 32
2119 -10078 -10078 32 32
2120 -10119 -10119 32 32
2121 -10162 -10162 32 32
2122 -10198 -10198 32 32
2123 -10245 -10245 32 32
2124 -10271 -10271 32 32
2125 -10327 -10327 32 32
2126 -10331 -10331 32 32
2127 -10376 -10376 32 32
2128 -8687 -8687 32 32
2129 -2281 -2281 32 32
2130 2304 2304 32 32
2131 3776 3776 32 32
2132 4733 4733 32 32
2133 5319 5319 32 32
2134 5811 5811 32 32
2135 6199 6199 32 32
2136 6556 6556 32 32
2137 6846 6846 32 32
2138 7094 7094 32 32
2139 7316 7316 32 32
2140 7532 7532 32 32
2141 7739 7739 32 32
2142 7930 7930 32 32
2143 8098 8098 32 32
2144 8247 8247 32 32
2145 8381 8381 32 32
2146 8502 8502 32 32
2147 8616 8616 32 32
2148 8729 8729 32 32
2149 8841 8841 32 32
2150 8950 8950 32 32
2151 9056 9056 32 32
2152 9157 9157 32 32
2153 9253 9253 32 32
2154 9345 9345 32 32
2155 9432 9432 32 32
2156 9512 9512 32 32
2157 9585 9585 32 32
2158 9651 9651 32 32
2159 9713 9713 32 32
2160 9769 9769 32 32
2161 9821 9821 32 32
2162 9870 9870 32 32
2163 9916 9916 32 32
2164 9957 9957 32 32
2165 10002 10002 32 32
2166 10039 10039 32 32
2167 10091 10091 32 32
2168 10115 10115 32 32
2169 10185 10185 32 32
2170 10174 10174 32 32
2171 10225 10225 32 32
2172 8131 8131 32 32
2173 1600 1600 32 32
2174 -2521 -2521 32 32
2175 -3886 -3886 32 32
2176 -4797 -4797 32 32
2177 -5370 -5370 32 32
2178 -5848 -5848 32 32
2179 -6234 -6234 32 32
2180 -6585 -6585 32 32
2181 -6870 -6870 32 32
2182 -7116 -7116 32 32
2183 -7336 -7336 32 32
2184 -7552 -7552 32 32
2185 -7757 -7757 32 32
2186 -7947 -7947 32 32
2187 -8113 -8113 32 32
2188 -8261 -8261 32 32
2189 -8393 -8393 32 32
2190 -8513 -8513 32 32
2191 -8627 -8627 32 32
2192 -8741 -8741 32 32
2193 -8852 -8852 32 32
2194 -8961 -8961 32 32
2195 -9066 -9066 32 32
2196 -9167 -9167 32 32
2197 -9263 -9263 32 32
2198 -9354 -9354 32 32
2199 -9440 -9440 32 32
2200 -9520 -9520 32 32
2201 -9593 -9593 32 32
2202 -9659 -9659 32 32
2203 -9719 -9719 32 32
2204 -9775 -9775 32 32
2205 -9827 -9827 32 32
2206 -9876 -9876 32 32
2207 -9921 -9921 32 32
2208 -9964 -9964 32 32
2209 -10007 -10007 32 32
2210 -10049 -10049 32 32
2211 -10090 -10090 32 32
2212 -10131 -10131 32 32
2213 -10174 -10174 32 32
2214 -10207 -10207 32 32
2215 -10262 -10262 32 32
2216 -10271 -10271 32 32
2217 -10358 -10358 32 32
2218 -10307 -10307 32 32
2219 -10289 -10289 32 32
2220 -6950 -6950 32 32
2221 -259 -259 32 32
2222 2904 2904 32 32
2223 4127 4127 32 32
2224 4930 4930 32 32
2225 5490 5490 32 32
2226 5935 5935 32 32
2227 6319 6319 32 32
2228 6654 6654 32 32
2229 6929 6929 32 32
2230 7166 7166 32 32
2231 7386 7386 32 32
2232 7599 7599 32 32
2233 7802 7802 32 32
2234 7986 7986 32 32
2235 8147 8147 32 32
2236 8291 8291 32 32
2237 8421 8421 32 32
2238 8538 8538 32 32
2239 8652 8652 32 32
2240 8765 8765 32 32
2241 8876 8876 32 32
2242 8984 8984 32 32
2243 9089 9089 32 32
2244 9188 9188 32 32
2245 9283 9283 32 32
2246 9373 9373 32 32
2247 9458 9458 32 32
2248 9536 9536 32 32
2249 9607 9607 32 32
2250 9672 9672 32 32
2251 9731 9731 32 32
2252 9786 9786 32 32
2253 9837 9837 32 32
2254 9885 9885 32 32
2255 9929 9929 32 32
2256 9971 9971 32 32
2257 10016 10016 32 32
2258 10051 10051 32 32
2259 10109 10109 32 32
2260 10120 10120 32 32
2261 10213 10213 32 32
2262 10163 10163 32 32
2263 10085 10085 32 32
2264 6372 6372 32 32
2265 -180 -180 32 32
2266 -3030 -3030 32 32
2267 -4212 -4212 32 32
2268 -4975 -4975 32 32
2269 -5529 -5529 32 32
2270 -5964 -5964 32 32
2271 -6347 -6347 32 32
2272 -6676 -6676 32 32
2273 -6948 -6948 32 32
2274 -7183 -7183 32 32
2275 -7401 -7401 32 32
2276 -7615 -7615 32 32
2277 -7817 -7817 32 32
2278 -7999 -7999 32 32
2279 -8159 -8159 32 32
2280 -8302 -8302 32 32
2281 -8431 -8431 32 32
2282 -8548 -8548 32 32
2283 -8661 -8661 32 32
2284 -8774 -8774 32 32
2285 -8886 -8886 32 32
2286 -8993 -8993 32 32
2287 -9097 -9097 32 32
2288 -9196 -9196 32 32
2289 -9291 -9291 32 32
2290 -9381 -9381 32 32
2291 -9466 -9466 32 32
2292 -9543 -9543 32 32
2293 -9614 -9614 32 32
2294 -9678 -9678 32 32
2295 -9737 -9737 32 32
2296 -9792 -9792 32 32
2297 -9843 -9843 32 32
2298 -9890 -9890 32 32
2299 -9934 -9934 32 32
2300 -9977 -9977 32 32
2301 -10019 -10019 32 32
2302 -10061 -10061 32 32
2303 -10103 -10103 32 32
2304 -10144 -10144 32 32
2305 -10186 -10186 32 32
2306 -10220 -10220 32 32
2307 -10272 -10272 32 32
2308 -10284 -10284 32 32
2309 -10367 -10367 32 32
2310 -10320 -10320 32 32
2311 -10008 -10008 32 32
2312 -5389 -5389 32 32
2313 886 886 32 32
2314 3247 3247 32 32
2315 4377 4377 32 32
2316 5075 5075 32 32
2317 5615 5615 32 32
2318 6030 6030 32 32
2319 6408 6408 32 32
2320 6724 6724 32 32
2321 6990 6990 32 32
2322 7220 7220 32 32
2323 7438 7438 32 32
2324 7649 7649 32 32
2325 7849 7849 32 32
2326 8027 8027 32 32
2327 8183 8183 32 32
2328 8324 8324 32 32
2329 8450 8450 32 32
2330 8566 8566 32 32
2331 8679 8679 32 32
2332 8792 8792 32 32
2333 8903 8903 32 32
2334 9010 9010 32 32
2335 9113 9113 32 32
2336 9211 9211 32 32
2337 9305 9305 32 32
2338 9394 9394 32 32
2339 9477 9477 32 32
2340 9554 9554 32 32
2341 9623 9623 32 32
2342 9686 9686 32 32
2343 9745 9745 32 32
2344 9799 9799 32 32
2345 9849 9849 32 32
2346 9896 9896 32 32
2347 9939 9939 32 32
2348 9982 9982 32 32
2349 10025 10025 32 32
2350 10063 10063 32 32
2351 10115 10115 32 32
2352 10135 10135 32 32
2353 10213 10213 32 32
2354 10183 10183 32 32
2355 9735 9735 32 32
2356 4815 4815 32 32
2357 -1191 -1191 32 32
2358 -3334 -3334 32 32
2359 -4438 -4438 32 32
2360 -5111 -5111 32 32
2361 -5645 -5645 32 32
2362 -6054 -6054 32 32
2363 -6430 -6430 32 32
2364 -6742 -6742 32 32
2365 -7005 -7005 32 32
2366 -7234 -7234 32 32
2367 -7451 -7451 32 32
2368 -7662 -7662 32 32
2369 -7861 -7861 32 32
2370 -8038 -8038 32 32
2371 -8193 -8193 32 32
2372 -8333 -8333 32 32
2373 -8458 -8458 32 32
2374 -8574 -8574 32 32
2375 -8687 -8687 32 32
2376 -8800 -8800 32 32
2377 -8910 -8910 32 32
2378 -9017 -9017 32 32
2379 -9120 -9120 32 32
2380 -9218 -9218 32 32
2381 -9312 -9312 32 32
2382 -9400 -9400 32 32
2383 -9484 -9484 32 32
2384 -9559 -9559 32 32
2385 -9629 -9629 32 32
2386 -9692 -9692 32 32
2387 -9750 -9750 32 32
2388 -9804 -9804 32 32
2389 -9854 -9854 32 32
2390 -9900 -9900 32 32
2391 -9944 -9944 32 32
2392 -9986 -9986 32 32
2393 -10029 -10029 32 32
2394 -10071 -10071 32 32
2395 -10112 -10112 32 32
2396 -10154 -10154 32 32
2397 -10193 -10193 32 32
2398 -10233 -10233 32 32
2399 -10273 -10273 32 32
2400 -10304 -10304 32 32
2401 -10353 -10353 32 32
2402 -10354 -10354 32 32
2403 -9468 -9468 32 32
2404 -3746 -3746 32 32
2405 1732 1732 32 32
2406 3514 3514 32 32
2407 4565 4565 32 32
2408 5196 5196 32 32
2409 5716 5716 32 32
2410 6114 6114 32 32
2411 6486 6486 32 32
2412 6787 6787 32 32
2413 7044 7044 32 32
2414 7269 7269 32 32
2415 7486 7486 32 32
2416 7695 7695 32 32
2417 7890 7890 32 32
2418 8064 8064 32 32
2419 8216 8216 32 32
2420 8353 8353 32 32
2421 8477 8477 32 32
2422 8592 8592 32 32
2423 8705 8705 32 32
2424 8817 8817 32 32
2425 8927 8927 32 32
2426 9033 9033 32 32
2427 9136 9136 32 32
2428 9233 9233 32 32
2429 9326 9326 32 32
2430 9413 9413 32 32
2431 9495 9495 32 32
2432 9569 9569 32 32
2433 9638 9638 32 32
2434 9700 9700 32 32
2435 9757 9757 32 32
2436 9810 9810 32 32
2437 9860 9860 32 32
2438 9906 9906 32 32
2439 9949 9949 32 32
2440 9992 9992 32 32
2441 10033 10033 32 32
2442 10078 10078 32 32
2443 10116 10116 32 32
2444 10159 10159 32 32
2445 10197 10197 32 32
2446 10219 10219 32 32
2447 9099 9099 32 32
2448 3159 3159 32 32
2449 -1963 -1963 32 32
2450 -3606 -3606 32 32
2451 -4622 -4622 32 32
2452 -5235 -5235 32 32
2453 -5747 -5747 32 32
2454 -6140 -6140 32 32
2455 -6509 -6509 32 32
2456 -6806 -6806 32 32
2457 -7060 -7060 32 32
2458 -7283 -7283 32 32
2459 -7501 -7501 32 32
2460 -7709 -7709 32 32
2461 -7904 -7904 32 32
2462 -8075 -8075 32 32
2463 -8227 -8227 32 32
2464 -8363 -8363 32 32
2465 -8486 -8486 32 32
2466 -8600 -8600 32 32
2467 -8714 -8714 32 32
2468 -8826 -8826 32 32
2469 -8935 -8935 32 32
2470 -9042 -9042 32 32
2471 -9143 -9143 32 32
2472 -9241 -9241 32 32
2473 -9333 -9333 32 32
2474 -9420 -9420 32 32
2475 -9502 -9502 32 32
2476 -9576 -9576 32 32
2477 -9644 -9644 32 32
2478 -9706 -9706 32 32
2479 -9763 -9763 32 32
2480 -9816 -9816 32 32
2481 -9865 -9865 32 32
2482 -9911 -9911 32 32
2483 -9954 -9954 32 32
2484 -9996 -9996 32 32
2485 -10039 -10039 32 32
2486 -10081 -10081 32 32
2487 -10122 -10122 32 32
2488 -10165 -10165 32 32
2489 -10199 -10199 32 32
2490 -10249 -10249 32 32
2491 -10270 -10270 32 32
2492 -10335 -10335 32 32
2493 -10322 -10322 32 32
2494 -10370 -10370 32 32
2495 -8303 -8303 32 32
2496 -1727 -1727 32 32
2497 2489 2489 32 32
2498 3874 3874 32 32
2499 4791 4791 32 32
2500 5366 5366 32 32
2501 5845 5845 32 32
2502 6231 6231 32 32
2503 6583 6583 32 32
2504 6868 6868 32 32
2505 7114 7114 32 32
2506 7334 7334 32 32
2507 7550 7550 32 32
2508 7755 7755 32 32
2509 7945 7945 32 32
2510 8111 8111 32 32
2511 8259 8259 32 32
2512 8391 8391 32 32
2513 8512 8512 32 32
2514 8625 8625 32 32
2515 8739 8739 32 32
2516 8850 8850 32 32
2517 8959 8959 32 32
2518 9064 9064 32 32
2519 9165 9165 32 32
2520 9261 9261 32 32
2521 9352 9352 32 32
2522 9439 9439 32 32
2523 9518 9518 32 32
2524 9591 9591 32 32
2525 9657 9657 32 32
2526 9718 9718 32 32
2527 9773 9773 32 32
2528 9826 9826 32 32
2529 9874 9874 32 32
2530 9919 9919 32 32
2531 9961 9961 32 32
2532 10006 10006 32 32
2533 10042 10042 32 32
2534 10097 10097 32 32
2535 10115 10115 32 32
2536 10195 10195 32 32
2537 10167 10167 32 32
2538 10209 10209 32 32
2539 7670 7670 32 32
2540 1048 1048 32 32
2541 -2679 -2679 32 32
2542 -3978 -3978 32 32
2543 -4848 -4848 32 32
2544 -5415 -5415 32 32
2545 -5880 -5880 32 32
2546 -6264 -6264 32 32
2547 -6610 -6610 32 32
2548 -6892 -6892 32 32
2549 -7134 -7134 32 32
2550 -7354 -7354 32 32
2551 -7569 -7569 32 32
2552 -7774 -7774 32 32
2553 -7961 -7961 32 32
2554 -8126 -8126 32 32
2555 -8272 -8272 32 32
2556 -8404 -8404 32 32
2557 -8523 -8523 32 32
2558 -8637 -8637 32 32
2559 -8750 -8750 32 32
2560 -8861 -8861 32 32
2561 -8970 -8970 32 32
2562 -9075 -9075 32 32
2563 -9175 -9175 32 32
2564 -9271 -9271 32 32
2565 -9362 -9362 32 32
2566 -9447 -9447 32 32
2567 -9526 -9526 32 32
2568 -9598 -9598 32 32
2569 -9664 -9664 32 32
2570 -9724 -9724 32 32
2571 -9780 -9780 32 32
2572 -9832 -9832 32 32
2573 -9880 -9880 32 32
2574 -9925 -9925 32 32
2575 -9967 -9967 32 32
2576 -10010 -10010 32 32
2577 -10052 -10052 32 32
2578 -10094 -10094 32 32
2579 -10134 -10134 32 32
2580 -10178 -10178 32 32
2581 -10210 -10210 32 32
2582 -10265 -10265 32 32
2583 -10273 -10273 32 32
2584 -10362 -10362 32 32
2585 -10308 -10308 32 32
2586 -10236 -10236 32 32
2587 -6564 -6564 32 32
2588 67 67 32 32
2589 3005 3005 32 32
2590 4197 4197 32 32
2591 4969 4969 32 32
2592 5523 5523 32 32
2593 5961 5961 32 32
2594 6343 6343 32 32
2595 6673 6673 32 32
2596 6945 6945 32 32
2597 7180 7180 32 32
2598 7400 7400 32 32
2599 7613 7613 32 32
2600 7815 7815 32 32
2601 7997 7997 32 32
2602 8157 8157 32 32
2603 8300 8300 32 32
2604 8429 8429 32 32
2605 8546 8546 32 32
2606 8660 8660 32 32
2607 8772 8772 32 32
2608 8884 8884 32 32
2609 8991 8991 32 32
2610 9095 9095 32 32
2611 9195 9195 32 32
2612 9289 9289 32 32
2613 9379 9379 32 32
2614 9463 9463 32 32
2615 9541 9541 32 32
2616 9611 9611 32 32
2617 9676 9676 32 32
2618 9735 9735 32 32
2619 9790 9790 32 32
2620 9840 9840 32 32
2621 9888 9888 32 32
2622 9932 9932 32 32
2623 9974 9974 32 32
2624 10019 10019 32 32
2625 10054 10054 32 32
2626 10111 10111 32 32
2627 10123 10123 32 32
2628 10214 10214 32 32
2629 10166 10166 32 32
2630 10023 10023 32 32
2631 6000 6000 32 32
2632 -449 -449 32 32
2633 -3110 -3110 32 32
2634 -4272 -4272 32 32
2635 -5009 -5009 32 32
2636 -5559 -5559 32 32
2637 -5987 -5987 32 32
2638 -6368 -6368 32 32
2639 -6692 -6692 32 32
2640 -6962 -6962 32 32
2641 -7195 -7195 32 32
2642 -7414 -7414 32 32
2643 -7626 -7626 32 32
2644 -7828 -7828 32 32
2645 -8009 -8009 32 32
2646 -8168 -8168 32 32
2647 -8310 -8310 32 32
2648 -8438 -8438 32 32
2649 -8555 -8555 32 32
2650 -8668 -8668 32 32
2651 -8781 -8781 32 32
2652 -8892 -8892 32 32
2653 -8999 -8999 32 32
2654 -9103 -9103 32 32
2655 -9202 -9202 32 32
2656 -9296 -9296 32 32
2657 -9386 -9386 32 32
2658 -9470 -9470 32 32
2659 -9548 -9548 32 32
2660 -9617 -9617 32 32
2661 -9681 -9681 32 32
2662 -9740 -9740 32 32
2663 -9795 -9795 32 32
2664 -9845 -9845 32 32
2665 -9893 -9893 32 32
2666 -9936 -9936 32 32
2667 -9979 -9979 32 32
2668 -10021 -10021 32 32
2669 -10064 -10064 32 32
2670 -10105 -10105 32 32
2671 -10146 -10146 32 32
2672 -10188 -10188 32 32
2673 -10223 -10223 32 32
2674 -10273 -10273 32 32
2675 -10289 -10289 32 32
2676 -10365 -10365 32 32
2677 -10327 -10327 32 32
2678 -9900 -9900 32 32
2679 -5004 -5004 32 32
2680 1114 1114 32 32
2681 3317 3317 32 32
2682 4427 4427 32 32
2683 5107 5107 32 32
2684 5640 5640 32 32
2685 6050 6050 32 32
2686 6427 6427 32 32
2687 6739 6739 32 32
2688 7003 7003 32 32
2689 7232 7232 32 32
2690 7449 7449 32 32
2691 7660 7660 32 32
2692 7859 7859 32 32
2693 8036 8036 32 32
2694 8191 8191 32 32
2695 8331 8331 32 32
2696 8457 8457 32 32
2697 8572 8572 32 32
2698 8685 8685 32 32
2699 8798 8798 32 32
2700 8908 8908 32 32
2701 9015 9015 32 32
2702 9118 9118 32 32
2703 9216 9216 32 32
2704 9310 9310 32 32
2705 9398 9398 32 32
2706 9482 9482 32 32
2707 9557 9557 32 32
2708 9626 9626 32 32
2709 9690 9690 32 32
2710 9748 9748 32 32
2711 9801 9801 32 32
2712 9852 9852 32 32
2713 9898 9898 32 32
2714 9942 9942 32 32
2715 9984 9984 32 32
2716 10027 10027 32 32
2717 10066 10066 32 32
2718 10116 10116 32 32
2719 10140 10140 32 32
2720 10211 10211 32 32
2721 10190 10190 32 32
2722 9612 9612 32 32
2723 4420 4420 32 32
2724 -1395 -1395 32 32
2725 -3395 -3395 32 32
2726 -4482 -4482 32 32
2727 -5139 -5139 32 32
2728 -5668 -5668 32 32
2729 -6072 -6072 32 32
2730 -6448 -6448 32 32
2731 -6756 -6756 32 32
2732 -7018 -7018 32 32
2733 -7245 -7245 32 32
2734 -7463 -7463 32 32
2735 -7673 -7673 32 32
2736 -7870 -7870 32 32
2737 -8046 -8046 32 32
2738 -8201 -8201 32 32
2739 -8340 -8340 32 32
2740 -8465 -8465 32 32
2741 -8580 -8580 32 32
2742 -8693 -8693 32 32
2743 -8806 -8806 32 32
2744 -8916 -8916 32 32
2745 -9023 -9023 32 32
2746 -9125 -9125 32 32
2747 -9224 -9224 32 32
2748 -9317 -9317 32 32
2749 -9405 -9405 32 32
2750 -9488 -9488 32 32
2751 -9563 -9563 32 32
2752 -9632 -9632 32 32
2753 -9695 -9695 32 32
2754 -9753 -9753 32 32
2755 -9806 -9806 32 32
2756 -9856 -9856 32 32
2757 -9903 -9903 32 32
2758 -9946 -9946 32 32
2759 -9989 -9989 32 32
2760 -10031 -10031 32 32
2761 -10073 -10073 32 32
2762 -10114 -10114 32 32
2763 -10156 -10156 32 32
2764 -10195 -10195 32 32
2765 -10236 -10236 32 32
2766 -10273 -10273 32 32
2767 -10311 -10311 32 32
2768 -10348 -10348 32 32
2769 -10362 -10362 32 32
2770 -9273 -9273 32 32
2771 -3324 -3324 32 32
2772 1909 1909 32 32
2773 3589 3589 32 32
2774 4613 4613 32 32
2775 5230 5230 32 32
2776 5743 5743 32 32
2777 6138 6138 32 32
2778 6506 6506 32 32
2779 6803 6803 32 32
2780 7058 7058 32 32
2781 7282 7282 32 32
2782 7499 7499 32 32
2783 7707 7707 32 32
2784 7902 7902 32 32
2785 8073 8073 32 32
2786 8225 8225 32 32
2787 8361 8361 32 32
2788 8484 8484 32 32
2789 8598 8598 32 32
2790 8712 8712 32 32
2791 8824 8824 32 32
2792 8934 8934 32 32
2793 9040 9040 32 32
2794 9141 9141 32 32
2795 9239 9239 32 32
2796 9331 9331 32 32
2797 9418 9418 32 32
2798 9500 9500 32 32
2799 9574 9574 32 32
2800 9641 9641 32 32
2801 9704 9704 32 32
2802 9761 9761 32 32
2803 9813 9813 32 32
2804 9863 9863 32 32
2805 9909 9909 32 32
2806 9951 9951 32 32
2807 9995 9995 32 32
2808 10034 10034 32 32
2809 10081 10081 32 32
2810 10116 10116 32 32
2811 10166 10166 32 32
2812 10191 10191 32 32
2813 10227 10227 32 32
2814 8865 8865 32 32
2815 2711 2711 32 32
2816 -2141 -2141 32 32
2817 -3689 -3689 32 32
2818 -4674 -4674 32 32
2819 -5273 -5273 32 32
2820 -5776 -5776 32 32
2821 -6167 -6167 32 32
2822 -6531 -6531 32 32
2823 -6824 -6824 32 32
2824 -7076 -7076 32 32
2825 -7298 -7298 32 32
2826 -7515 -7515 32 32
2827 -7723 -7723 32 32
2828 -7916 -7916 32 32
2829 -8086 -8086 32 32
2830 -8237 -8237 32 32
2831 -8372 -8372 32 32
2832 -8494 -8494 32 32
2833 -8608 -8608 32 32
2834 -8722 -8722 32 32
2835 -8834 -8834 32 32
2836 -8943 -8943 32 32
2837 -9049 -9049 32 32
2838 -9151 -9151 32 32
2839 -9247 -9247 32 32
2840 -9339 -9339 32 32
2841 -9426 -9426 32 32
2842 -9508 -9508 32 32
2843 -9581 -9581 32 32
2844 -9648 -9648 32 32
2845 -9710 -9710 32 32
2846 -9767 -9767 32 32
2847 -9819 -9819 32 32
2848 -9868 -9868 32 32
2849 -9914 -9914 32 32
2850 -9957 -9957 32 32
2851 -9999 -9999 32 32
2852 -10042 -10042 32 32
2853 -10084 -10084 32 32
2854 -10124 -10124 32 32
2855 -10168 -10168 32 32
2856 -10201 -10201 32 32
2857 -10253 -10253 32 32
2858 -10269 -10269 32 32
2859 -10344 -10344 32 32
2860 -10315 -10315 32 32
2861 -10353 -10353 32 32
2862 -7846 -7846 32 32
2863 -1173 -1173 32 32
2864 2653 2653 32 32
2865 3965 3965 32 32
2866 4843 4843 32 32
2867 5411 5411 32 32
2868 5877 5877 32 32
2869 6262 6262 32 32
2870 6608 6608 32 32
2871 6890 6890 32 32
2872 7133 7133 32 32
2873 7353 7353 32 32
2874 7567 7567 32 32
2875 7772 7772 32 32
2876 7959 7959 32 32
2877 8124 8124 32 32
2878 8270 8270 32 32
2879 8402 8402 32 32
2880 8521 8521 32 32
2881 8635 8635 32 32
2882 8748 8748 32 32
2883 8859 8859 32 32
2884 8968 8968 32 32
2885 9073 9073 32 32
2886 9173 9173 32 32
2887 9269 9269 32 32
2888 9359 9359 32 32
2889 9445 9445 32 32
2890 9524 9524 32 32
2891 9596 9596 32 32
2892 9662 9662 32 32
2893 9722 9722 32 32
2894 9778 9778 32 32
2895 9830 9830 32 32
2896 9878 9878 32 32
2897 9923 9923 32 32
2898 9965 9965 32 32
2899 10010 10010 32 32
2900 10045 10045 32 32
2901 10102 10102 32 32
2902 10116 10116 32 32
2903 10203 10203 32 32
2904 10162 10162 32 32
2905 10185 10185 32 32
2906 7227 7227 32 32
2907 576 576 32 32
2908 -2809 -2809 32 32
2909 -4059 -4059 32 32
2910 -4892 -4892 32 32
2911 -5455 -5455 32 32
2912 -5908 -5908 32 32
2913 -6293 -6293 32 32
2914 -6633 -6633 32 32
2915 -6911 -6911 32 32
2916 -7151 -7151 32 32
2917 -7370 -7370 32 32
2918 -7585 -7585 32 32
2919 -7789 -7789 32 32
2920 -7974 -7974 32 32
2921 -8138 -8138 32 32
2922 -8283 -8283 32 32
2923 -8413 -8413 32 32
2924 -8532 -8532 32 32
2925 -8645 -8645 32 32
2926 -8759 -8759 32 32
2927 -8870 -8870 32 32
2928 -8978 -8978 32 32
2929 -9083 -9083 32 32
2930 -9183 -9183 32 32
2931 -9278 -9278 32 32
2932 -9368 -9368 32 32
2933 -9453 -9453 32 32
2934 -9532 -9532 32 32
2935 -9604 -9604 32 32
2936 -9669 -9669 32 32
2937 -9729 -9729 32 32
2938 -9784 -9784 32 32
2939 -9835 -9835 32 32
2940 -9883 -9883 32 32
2941 -9928 -9928 32 32
2942 -9971 -9971 32 32
2943 -10013 -10013 32 32
2944 -10055 -10055 32 32
2945 -10097 -10097 32 32
2946 -10137 -10137 32 32
2947 -10181 -10181 32 32
2948 -10214 -10214 32 32
2949 -10268 -10268 32 32
2950 -10277 -10277 32 32
2951 -10364 -10364 32 32
2952 -10311 -10311 32 32
2953 -10178 -10178 32 32
2954 -6197 -6197 32 32
2955 348 348 32 32
2956 3089 3089 32 32
2957 4258 4258 32 32
2958 5004 5004 32 32
2959 5553 5553 32 32
2960 5983 5983 32 32
2961 6364 6364 32 32
2962 6689 6689 32 32
2963 6960 6960 32 32
2964 7193 7193 32 32
2965 7412 7412 32 32
2966 7624 7624 32 32
2967 7825 7825 32 32
2968 8007 8007 32 32
2969 8165 8165 32 32
2970 8308 8308 32 32
2971 8436 8436 32 32
2972 8553 8553 32 32
2973 8666 8666 32 32
2974 8779 8779 32 32
2975 8889 8889 32 32
2976 8997 8997 32 32
2977 9101 9101 32 32
2978 9200 9200 32 32
2979 9295 9295 32 32
2980 9384 9384 32 32
2981 9468 9468 32 32
2982 9545 9545 32 32
2983 9615 9615 32 32
2984 9679 9679 32 32
2985 9738 9738 32 32
2986 9793 9793 32 32
2987 9844 9844 32 32
2988 9891 9891 32 32
2989 9934 9934 32 32
2990 9977 9977 32 32
2991 10021 10021 32 32
2992 10057 10057 32 32
2993 10113 10113 32 32
2994 10126 10126 32 32
2995 10216 10216 32 32
2996 10169 10169 32 32
2997 9949 9949 32 32
2998 5620 5620 32 32
2999 -708 -708 32 32
3000 -3185 -3185 32 32
3001 -4330 -4330 32 32
3002 -5044 -5044 32 32
3003 -5588 -5588 32 32
3004 -6009 -6009 32 32
3005 -6389 -6389 32 32
3006 -6709 -6709 32 32
3007 -6977 -6977 32 32
3008 -7208 -7208 32 32
3009 -7426 -7426 32 32
3010 -7638 -7638 32 32
3011 -7839 -7839 32 32
3012 -8019 -8019 32 32
3013 -8176 -8176 32 32
3014 -8317 -8317 32 32
3015 -8445 -8445 32 32
3016 -8561 -8561 32 32
3017 -8674 -8674 32 32
3018 -8787 -8787 32 32
3019 -8898 -8898 32 32
3020 -9005 -9005 32 32
3021 -9108 -9108 32 32
3022 -9207 -9207 32 32
3023 -9301 -9301 32 32
3024 -9390 -9390 32 32
3025 -9475 -9475 32 32
3026 -9551 -9551 32 32
3027 -9621 -9621 32 32
3028 -9685 -9685 32 32
3029 -9743 -9743 32 32
3030 -9797 -9797 32 32
3031 -9848 -9848 32 32
3032 -9895 -9895 32 32
3033 -9939 -9939 32 32
3034 -9982 -9982 32 32
3035 -10024 -10024 32 32
3036 -10066 -10066 32 32
3037 -10107 -10107 32 32
3038 -10148 -10148 32 32
3039 -10189 -10189 32 32
3040 -10226 -10226 32 32
3041 -10273 -10273 32 32
3042 -10293 -10293 32 32
3043 -10362 -10362 32 32
3044 -10335 -10335 32 32
3045 -9777 -9777 32 32
3046 -4610 -4610 32 32
3047 1319 1319 32 32
3048 3379 3379 32 32
3049 4471 4471 32 32
3050 5134 5134 32 32
3051 5664 5664 32 32
3052 6069 6069 32 32
3053 6445 6445 32 32
3054 6754 6754 32 32
3055 7015 7015 32 32
3056 7243 7243 32 32
3057 7461 7461 32 32
3058 7671 7671 32 32
3059 7868 7868 32 32
3060 8044 8044 32 32
3061 8199 8199 32 32
3062 8337 8337 32 32
3063 8463 8463 32 32
3064 8578 8578 32 32
3065 8691 8691 32 32
3066 8804 8804 32 32
3067 8914 8914 32 32
3068 9020 9020 32 32
3069 9123 9123 32 32
3070 9221 9221 32 32
3071 9314 9314 32 32
3072 9403 9403 32 32
3073 9485 9485 32 32
3074 9561 9561 32 32
3075 9630 9630 32 32
3076 9693 9693 32 32
3077 9750 9750 32 32
3078 9804 9804 32 32
3079 9854 9854 32 32
3080 9900 9900 32 32
3081 9943 9943 32 32
3082 9987 9987 32 32
3083 10028 10028 32 32
3084 10069 10069 32 32
3085 10116 10116 32 32
3086 10145 10145 32 32
3087 10208 10208 32 32
3088 10199 10199 32 32
3089 9477 9477 32 32
3090 4021 4021 32 32
3091 -1589 -1589 32 32
3092 -3460 -3460 32 32
3093 -4525 -4525 32 32
3094 -5167 -5167 32 32
3095 -5692 -5692 32 32
3096 -6092 -6092 32 32
3097 -6466 -6466 32 32
3098 -6770 -6770 32 32
3099 -7030 -7030 32 32
3100 -7256 -7256 32 32
3101 -7474 -7474 32 32
3102 -7683 -7683 32 32
3103 -7880 -7880 32 32
3104 -8054 -8054 32 32
3105 -8208 -8208 32 32
3106 -8346 -8346 32 32
3107 -8471 -8471 32 32
3108 -8586 -8586 32 32
3109 -8699 -8699 32 32
3110 -8812 -8812 32 32
3111 -8922 -8922 32 32
3112 -9028 -9028 32 32
3113 -9130 -9130 32 32
3114 -9228 -9228 32 32
3115 -9321 -9321 32 32
3116 -9409 -9409 32 32
3117 -9492 -9492 32 32
3118 -9567 -9567 32 32
3119 -9635 -9635 32 32
3120 -9698 -9698 32 32
3121 -9755 -9755 32 32
3122 -9809 -9809 32 32
3123 -9858 -9858 32 32
3124 -9905 -9905 32 32
3125 -9948 -9948 32 32
3126 -9991 -9991 32 32
3127 -10033 -10033 32 32
3128 -10075 -10075 32 32
3129 -10116 -10116 32 32
3130 -10159 -10159 32 32
3131 -10196 -10196 32 32
3132 -10240 -10240 32 32
3133 -10272 -10272 32 32
3134 -10317 -10317 32 32
3135 -10342 -10342 32 32
3136 -10369 -10369 32 32
3137 -9047 -9047 32 32
3138 -2873 -2873 32 32
3139 2098 2098 32 32
3140 3673 3673 32 32
3141 4667 4667 32 32
3142 5267 5267 32 32
3143 5773 5773 32 32
3144 6164 6164 32 32
3145 6528 6528 32 32
3146 6822 6822 32 32
3147 7074 7074 32 32
3148 7296 7296 32 32
3149 7513 7513 32 32
3150 7721 7721 32 32
3151 7914 7914 32 32
3152 8084 8084 32 32
3153 8235 8235 32 32
3154 8369 8369 32 32
3155 8492 8492 32 32
3156 8605 8605 32 32
3157 8718 8718 32 32
3158 8830 8830 32 32
3159 8939 8939 32 32
3160 9045 9045 32 32
3161 9146 9146 32 32
3162 9242 9242 32 32
3163 9334 9334 32 32
3164 9421 9421 32 32
3165 9501 9501 32 32
3166 9574 9574 32 32
3167 9641 9641 32 32
3168 9703 9703 32 32
3169 9759 9759 32 32
3170 9811 9811 32 32
3171 9859 9859 32 32
3172 9905 9905 32 32
3173 9947 9947 32 32
3174 9991 9991 32 32
3175 10028 10028 32 32
3176 10078 10078 32 32
3177 10106 10106 32 32
3178 10165 10165 32 32
3179 10173 10173 32 32
3180 10222 10222 32 32
3181 8543 8543 32 32
3182 2192 2192 32 32
3183 -2318 -2318 32 32
3184 -3775 -3775 32 32
3185 -4726 -4726 32 32
3186 -5311 -5311 32 32
3187 -5802 -5802 32 32
3188 -6189 -6189 32 32
3189 -6546 -6546 32 32
3190 -6835 -6835 32 32
3191 -7083 -7083 32 32
3192 -7304 -7304 32 32
3193 -7519 -7519 32 32
3194 -7726 -7726 32 32
3195 -7917 -7917 32 32
3196 -8085 -8085 32 32
3197 -8233 -8233 32 32
3198 -8367 -8367 32 32
3199 -8487 -8487 32 32
3200 -8600 -8600 32 32
3201 -8714 -8714 32 32
3202 -8825 -8825 32 32
3203 -8934 -8934 32 32
3204 -9039 -9039 32 32
3205 -9139 -9139 32 32
3206 -9235 -9235 32 32
3207 -9327 -9327 32 32
3208 -9413 -9413 32 32
3209 -9493 -9493 32 32
3210 -9566 -9566 32 32
3211 -9631 -9631 32 32
3212 -9692 -9692 32 32
3213 -9748 -9748 32 32
3214 -9800 -9800 32 32
3215 -9848 -9848 32 32
3216 -9893 -9893 32 32
3217 -9935 -9935 32 32
3218 -9977 -9977 32 32
3219 -10019 -10019 32 32
3220 -10061 -10061 32 32
3221 -10101 -10101 32 32
3222 -10144 -10144 32 32
3223 -10176 -10176 32 32
3224 -10229 -10229 32 32
3225 -10241 -10241 32 32
3226 -10322 -10322 32 32
3227 -10279 -10279 32 32
3228 -10300 -10300 32 32
3229 -7388 -7388 32 32
3230 -689 -689 32 32
3231 2778 2778 32 32
3232 4035 4035 32 32
3233 4873 4873 32 32
3234 5433 5433 32 32
3235 5887 5887 32 32
3236 6271 6271 32 32
3237 6610 6610 32 32
3238 6886 6886 32 32
3239 7126 7126 32 32
3240 7345 7345 32 32
3241 7557 7557 32 32
3242 7760 7760 32 32
3243 7945 7945 32 32
3244 8107 8107 32 32
3245 8251 8251 32 32
3246 8381 8381 32 32
3247 8499 8499 32 32
3248 8612 8612 32 32
3249 8724 8724 32 32
3250 8835 8835 32 32
3251 8943 8943 32 32
3252 9047 9047 32 32
3253 9145 9145 32 32
3254 9240 9240 32 32
3255 9330 9330 32 32
3256 9414 9414 32 32
3257 9492 9492 32 32
3258 9563 9563 32 32
3259 9628 9628 32 32
3260 9687 9687 32 32
3261 9742 9742 32 32
3262 9792 9792 32 32
3263 9839 9839 32 32
3264 9884 9884 32 32
3265 9925 9925 32 32
3266 9970 9970 32 32
3267 10004 10004 32 32
3268 10060 10060 32 32
3269 10073 10073 32 32
3270 10162 10162 32 32
3271 10115 10115 32 32
3272 10100 10100 32 32
3273 6782 6782 32 32
3274 193 193 32 32
3275 -2902 -2902 32 32
3276 -4112 -4112 32 32
3277 -4907 -4907 32 32
3278 -5464 -5464 32 32
3279 -5906 -5906 32 32
3280 -6289 -6289 32 32
3281 -6621 -6621 32 32
3282 -6895 -6895 32 32
3283 -7131 -7131 32 32
3284 -7348 -7348 32 32
3285 -7560 -7560 32 32
3286 -7763 -7763 32 32
3287 -7945 -7945 32 32
3288 -8106 -8106 32 32
3289 -8249 -8249 32 32
3290 -8377 -8377 32 32
3291 -8494 -8494 32 32
3292 -8607 -8607 32 32
3293 -8719 -8719 32 32
3294 -8829 -8829 32 32
3295 -8936 -8936 32 32
3296 -9040 -9040 32 32
3297 -9138 -9138 32 32
3298 -9233 -9233 32 32
3299 -9322 -9322 32 32
3300 -9406 -9406 32 32
3301 -9484 -9484 32 32
3302 -9553 -9553 32 32
3303 -9618 -9618 32 32
3304 -9676 -9676 32 32
3305 -9731 -9731 32 32
3306 -9782 -9782 32 32
3307 -9828 -9828 32 32
3308 -9872 -9872 32 32
3309 -9914 -9914 32 32
3310 -9956 -9956 32 32
3311 -9997 -9997 32 32
3312 -10038 -10038 32 32
3313 -10079 -10079 32 32
3314 -10120 -10120 32 32
3315 -10153 -10153 32 32
3316 -10205 -10205 32 32
3317 -10215 -10215 32 32
3318 -10300 -10300 32 32
3319 -10250 -10250 32 32
3320 -10041 -10041 32 32
3321 -5780 -5780 32 32
3322 606 606 32 32
3323 3144 3144 32 32
3324 4288 4288 32 32
3325 5005 5005 32 32
3326 5546 5546 32 32
3327 5965 5965 32 32
3328 6343 6343 32 32
3329 6661 6661 32 32
3330 6927 6927 32 32
3331 7156 7156 32 32
3332 7373 7373 32 32
3333 7583 7583 32 32
3334 7782 7782 32 32
3335 7960 7960 32 32
3336 8116 8116 32 32
3337 8257 8257 32 32
3338 8383 8383 32 32
3339 8498 8498 32 32
3340 8610 8610 32 32
3341 8722 8722 32 32
3342 8831 8831 32 32
3343 8938 8938 32 32
3344 9040 9040 32 32
3345 9137 9137 32 32
3346 9231 9231 32 32
3347 9318 9318 32 32
3348 9401 9401 32 32
3349 9478 9478 32 32
3350 9547 9547 32 32
3351 9609 9609 32 32
3352 9667 9667 32 32
3353 9720 9720 32 32
3354 9770 9770 32 32
3355 9816 9816 32 32
3356 9859 9859 32 32
3357 9901 9901 32 32
3358 9944 9944 32 32
3359 9980 9980 32 32
3360 10033 10033 32 32
3361 10049 10049 32 32
3362 10133 10133 32 32
3363 10092 10092 32 32
3364 9779 9779 32 32
3365 5210 5210 32 32
3366 -931 -931 32 32
3367 -3230 -3230 32 32
3368 -4346 -4346 32 32
3369 -5035 -5035 32 32
3370 -5569 -5569 32 32
3371 -5980 -5980 32 32
3372 -6356 -6356 32 32
3373 -6668 -6668 32 32
3374 -6931 -6931 32 32
3375 -7159 -7159 32 32
3376 -7375 -7375 32 32
3377 -7584 -7584 32 32
3378 -7782 -7782 32 32
3379 -7958 -7958 32 32
3380 -8113 -8113 32 32
3381 -8252 -8252 32 32
3382 -8377 -8377 32 32
3383 -8491 -8491 32 32
3384 -8603 -8603 32 32
3385 -8715 -8715 32 32
3386 -8824 -8824 32 32
3387 -8930 -8930 32 32
3388 -9032 -9032 32 32
3389 -9129 -9129 32 32
3390 -9222 -9222 32 32
3391 -9309 -9309 32 32
3392 -9392 -9392 32 32
3393 -9467 -9467 32 32
3394 -9535 -9535 32 32
3395 -9598 -9598 32 32
3396 -9656 -9656 32 32
3397 -9709 -9709 32 32
3398 -9758 -9758 32 32
3399 -9804 -9804 32 32
3400 -9847 -9847 32 32
3401 -9889 -9889 32 32
3402 -9930 -9930 32 32
3403 -9971 -9971 32 32
3404 -10012 -10012 32 32
3405 -10053 -10053 32 32
3406 -10092 -10092 32 32
3407 -10130 -10130 32 32
3408 -10173 -10173 32 32
3409 -10197 -10197 32 32
3410 -10257 -10257 32 32
3411 -10240 -10240 32 32
3412 -9552 -9552 32 32
3413 -4162 -4162 32 32
3414 1510 1510 32 32
3415 3407 3407 32 32
3416 4471 4471 32 32
3417 5110 5110 32 32
3418 5631 5631 32 32
3419 6027 6027 32 32
3420 6397 6397 32 32
3421 6698 6698 32 32
3422 6955 6955 32 32
3423 7179 7179 32 32
3424 7394 7394 32 32
3425 7601 7601 32 32
3426 7796 7796 32 32
3427 7968 7968 32 32
3428 8120 8120 32 32
3429 8256 8256 32 32
3430 8379 8379 32 32
3431 8492 8492 32 32
3432 8604 8604 32 32
3433 8715 8715 32 32
3434 8823 8823 32 32
3435 8929 8929 32 32
3436 9029 9029 32 32
3437 9126 9126 32 32
3438 9218 9218 32 32
3439 9304 9304 32 32
3440 9385 9385 32 32
3441 9460 9460 32 32
3442 9527 9527 32 32
3443 9588 9588 32 32
3444 9645 9645 32 32
3445 9697 9697 32 32
3446 9746 9746 32 32
3447 9791 9791 32 32
3448 9833 9833 32 32
3449 9876 9876 32 32
3450 9916 9916 32 32
3451 9958 9958 32 32
3452 10001 10001 32 32
3453 10034 10034 32 32
3454 10085 10085 32 32
3455 10091 10091 32 32
3456 9210 9210 32 32
3457 3576 3576 32 32
3458 -1749 -1749 32 32
3459 -3482 -3482 32 32
3460 -4515 -4515 32 32
3461 -5136 -5136 32 32
3462 -5650 -5650 32 32
3463 -6042 -6042 32 32
3464 -6409 -6409 32 32
3465 -6706 -6706 32 32
3466 -6959 -6959 32 32
3467 -7182 -7182 32 32
3468 -7396 -7396 32 32
3469 -7603 -7603 32 32
3470 -7796 -7796 32 32
3471 -7966 -7966 32 32
3472 -8117 -8117 32 32
3473 -8252 -8252 32 32
3474 -8374 -8374 32 32
3475 -8487 -8487 32 32
3476 -8599 -8599 32 32
3477 -8709 -8709 32 32
3478 -8818 -8818 32 32
3479 -8922 -8922 32 32
3480 -9022 -9022 32 32
3481 -9119 -9119 32 32
3482 -9210 -9210 32 32
3483 -9296 -9296 32 32
3484 -9377 -9377 32 32
3485 -9450 -9450 32 32
3486 -9516 -9516 32 32
3487 -9577 -9577 32 32
3488 -9634 -9634 32 32
3489 -9686 -9686 32 32
3490 -9734 -9734 32 32
3491 -9779 -9779 32 32
3492 -9822 -9822 32 32
3493 -9863 -9863 32 32
3494 -9905 -9905 32 32
3495 -9946 -9946 32 32
3496 -9986 -9986 32 32
3497 -10028 -10028 32 32
3498 -10063 -10063 32 32
3499 -10108 -10108 32 32
3500 -10134 -10134 32 32
3501 -10189 -10189 32 32
3502 -10195 -10195 32 32
3503 -10237 -10237 32 32
3504 -8614 -8614 32 32
3505 -2320 -2320 32 32
3506 2249 2249 32 32
3507 3713 3713 32 32
3508 4661 4661 32 32
3509 5240 5240 32 32
3510 5727 5727 32 32
3511 6109 6109 32 32
3512 6463 6463 32 32
3513 6748 6748 32 32
3514 6994 6994 32 32
3515 7212 7212 32 32
3516 7425 7425 32 32
3517 7629 7629 32 32
3518 7818 7818 32 32
3519 7983 7983 32 32
3520 8130 8130 32 32
3521 8262 8262 32 32
3522 8381 8381 32 32
3523 8493 8493 32 32
3524 8604 8604 32 32
3525 8714 8714 32 32
3526 8822 8822 32 32
3527 8925 8925 32 32
3528 9024 9024 32 32
3529 9119 9119 32 32
3530 9209 9209 32 32
3531 9294 9294 32 32
3532 9373 9373 32 32
3533 9445 9445 32 32
3534 9511 9511 32 32
3535 9570 9570 32 32
3536 9626 9626 32 32
3537 9677 9677 32 32
3538 9724 9724 32 32
3539 9768 9768 32 32
3540 9809 9809 32 32
3541 9854 9854 32 32
3542 9890 9890 32 32
3543 9940 9940 32 32
3544 9964 9964 32 32
3545 10032 10032 32 32
3546 10023 10023 32 32
3547 10073 10073 32 32
3548 8062 8062 32 32
3549 1649 1649 32 32
3550 -2458 -2458 32 32
3551 -3814 -3814 32 32
3552 -4716 -4716 32 32
3553 -5282 -5282 32 32
3554 -5753 -5753 32 32
3555 -6134 -6134 32 32
3556 -6480 -6480 32 32
3557 -6761 -6761 32 32
3558 -7003 -7003 32 32
3559 -7220 -7220 32 32
3560 -7432 -7432 32 32
3561 -7634 -7634 32 32
3562 -7821 -7821 32 32
3563 -7985 -7985 32 32
3564 -8130 -8130 32 32
3565 -8260 -8260 32 32
3566 -8378 -8378 32 32
3567 -8490 -8490 32 32
3568 -8601 -8601 32 32
3569 -8710 -8710 32 32
3570 -8817 -8817 32 32
3571 -8920 -8920 32 32
3572 -9019 -9019 32 32
3573 -9113 -9113 32 32
3574 -9203 -9203 32 32
3575 -9287 -9287 32 32
3576 -9365 -9365 32 32
3577 -9436 -9436 32 32
3578 -9501 -9501 32 32
3579 -9561 -9561 32 32
3580 -9615 -9615 32 32
3581 -9666 -9666 32 32
3582 -9714 -9714 32 32
3583 -9758 -9758 32 32
3584 -9799 -9799 32 32
3585 -9841 -9841 32 32
3586 -9882 -9882 32 32
3587 -9923 -9923 32 32
3588 -9962 -9962 32 32
3589 -10005 -10005 32 32
3590 -10036 -10036 32 32
3591 -10089 -10089 32 32
3592 -10098 -10098 32 32
3593 -10183 -10183 32 32
3594 -10133 -10133 32 32
3595 -10122 -10122 32 32
3596 -6885 -6885 32 32
3597 -299 -299 32 32
3598 2842 2842 32 32
3599 4046 4046 32 32
3600 4841 4841 32 32
3601 5391 5391 32 32
3602 5830 5830 32 32
3603 6207 6207 32 32
3604 6537 6537 32 32
3605 6806 6806 32 32
3606 7040 7040 32 32
3607 7255 7255 32 32
3608 7465 7465 32 32
3609 7664 7664 32 32
3610 7845 7845 32 32
3611 8003 8003 32 32
3612 8145 8145 32 32
3613 8272 8272 32 32
3614 8387 8387 32 32
3615 8499 8499 32 32
3616 8610 8610 32 32
3617 8718 8718 32 32
3618 8824 8824 32 32
3619 8926 8926 32 32
3620 9024 9024 32 32
3621 9117 9117 32 32
3622 9204 9204 32 32
3623 9288 9288 32 32
3624 9364 9364 32 32
3625 9433 9433 32 32
3626 9497 9497 32 32
3627 9555 9555 32 32
3628 9609 9609 32 32
3629 9658 9658 32 32
3630 9704 9704 32 32
3631 9748 9748 32 32
3632 9789 9789 32 32
3633 9833 9833 32 32
3634 9866 9866 32 32
3635 9922 9922 32 32
3636 9934 9934 32 32
3637 10024 10024 32 32
3638 9974 9974 32 32
3639 9905 9905 32 32
3640 6302 6302 32 32
3641 -136 -136 32 32
3642 -2962 -2962 32 32
3643 -4125 -4125 32 32
3644 -4877 -4877 32 32
3645 -5421 -5421 32 32
3646 -5849 -5849 32 32
3647 -6224 -6224 32 32
3648 -6547 -6547 32 32
3649 -6815 -6815 32 32
3650 -7045 -7045 32 32
3651 -7259 -7259 32 32
3652 -7468 -7468 32 32
3653 -7666 -7666 32 32
3654 -7845 -7845 32 32
3655 -8002 -8002 32 32
3656 -8142 -8142 32 32
3657 -8268 -8268 32 32
3658 -8382 -8382 32 32
3659 -8493 -8493 32 32
3660 -8604 -8604 32 32
3661 -8712 -8712 32 32
3662 -8818 -8818 32 32
3663 -8919 -8919 32 32
3664 -9016 -9016 32 32
3665 -9109 -9109 32 32
3666 -9196 -9196 32 32
3667 -9279 -9279 32 32
3668 -9355 -9355 32 32
3669 -9423 -9423 32 32
3670 -9487 -9487 32 32
3671 -9544 -9544 32 32
3672 -9597 -9597 32 32
3673 -9647 -9647 32 32
3674 -9693 -9693 32 32
3675 -9736 -9736 32 32
3676 -9777 -9777 32 32
3677 -9818 -9818 32 32
3678 -9859 -9859 32 32
3679 -9900 -9900 32 32
3680 -9940 -9940 32 32
3681 -9980 -9980 32 32
3682 -10014 -10014 32 32
3683 -10064 -10064 32 32
3684 -10075 -10075 32 32
3685 -10156 -10156 32 32
3686 -10110 -10110 32 32
3687 -9818 -9818 32 32
3688 -5329 -5329 32 32
3689 837 837 32 32
3690 3171 3171 32 32
3691 4280 4280 32 32
3692 4967 4967 32 32
3693 5495 5495 32 32
3694 5903 5903 32 32
3695 6273 6273 32 32
3696 6583 6583 32 32
3697 6843 6843 32 32
3698 7068 7068 32 32
3699 7282 7282 32 32
3700 7489 7489 32 32
3701 7683 7683 32 32
3702 7858 7858 32 32
3703 8011 8011 32 32
3704 8148 8148 32 32
3705 8272 8272 32 32
3706 8385 8385 32 32
3707 8495 8495 32 32
3708 8606 8606 32 32
3709 8714 8714 32 32
3710 8818 8818 32 32
3711 8918 8918 32 32
3712 9014 9014 32 32
3713 9106 9106 32 32
3714 9192 9192 32 32
3715 9274 9274 32 32
3716 9348 9348 32 32
3717 9415 9415 32 32
3718 9477 9477 32 32
3719 9534 9534 32 32
3720 9587 9587 32 32
3721 9635 9635 32 32
3722 9681 9681 32 32
3723 9723 9723 32 32
3724 9764 9764 32 32
3725 9806 9806 32 32
3726 9844 9844 32 32
3727 9894 9894 32 32
3728 9912 9912 32 32
3729 9990 9990 32 32
3730 9958 9958 32 32
3731 9536 9536 32 32
3732 4762 4762 32 32
3733 -1136 -1136 32 32
3734 -3252 -3252 32 32
3735 -4333 -4333 32 32
3736 -4994 -4994 32 32
3737 -5516 -5516 32 32
3738 -5916 -5916 32 32
3739 -6284 -6284 32 32
3740 -6589 -6589 32 32
3741 -6847 -6847 32 32
3742 -7070 -7070 32 32
3743 -7283 -7283 32 32
3744 -7489 -7489 32 32
3745 -7682 -7682 32 32
3746 -7855 -7855 32 32
3747 -8007 -8007 32 32
3748 -8143 -8143 32 32
3749 -8265 -8265 32 32
3750 -8378 -8378 32 32
3751 -8489 -8489 32 32
3752 -8598 -8598 32 32
3753 -8706 -8706 32 32
3754 -8810 -8810 32 32
3755 -8910 -8910 32 32
3756 -9006 -9006 32 32
3757 -9097 -9097 32 32
3758 -9183 -9183 32 32
3759 -9264 -9264 32 32
3760 -9338 -9338 32 32
3761 -9404 -9404 32 32
3762 -9466 -9466 32 32
3763 -9523 -9523 32 32
3764 -9575 -9575 32 32
3765 -9623 -9623 32 32
3766 -9668 -9668 32 32
3767 -9711 -9711 32 32
3768 -9752 -9752 32 32
3769 -9793 -9793 32 32
3770 -9834 -9834 32 32
3771 -9873 -9873 32 32
3772 -9914 -9914 32 32
3773 -9952 -9952 32 32
3774 -9990 -9990 32 32
3775 -10030 -10030 32 32
3776 -10059 -10059 32 32
3777 -10109 -10109 32 32
3778 -10106 -10106 32 32
3779 -9265 -9265 32 32
3780 -3712 -3712 32 32
3781 1667 1667 32 32
3782 3422 3422 32 32
3783 4451 4451 32 32
3784 5068 5068 32 32
3785 5576 5576 32 32
3786 5964 5964 32 32
3787 6327 6327 32 32
3788 6621 6621 32 32
3789 6872 6872 32 32
3790 7091 7091 32 32
3791 7303 7303 32 32
3792 7506 7506 32 32
3793 7697 7697 32 32
3794 7865 7865 32 32
3795 8014 8014 32 32
3796 8148 8148 32 32
3797 8268 8268 32 32
3798 8380 8380 32 32
3799 8490 8490 32 32
3800 8599 8599 32 32
3801 8706 8706 32 32
3802 8809 8809 32 32
3803 8909 8909 32 32
3804 9003 9003 32 32
3805 9093 9093 32 32
3806 9178 9178 32 32
3807 9259 9259 32 32
3808 9331 9331 32 32
3809 9397 9397 32 32
3810 9457 9457 32 32
3811 9512 9512 32 32
3812 9564 9564 32 32
3813 9612 9612 32 32
3814 9656 9656 32 32
3815 9697 9697 32 32
3816 9740 9740 32 32
3817 9778 9778 32 32
3818 9821 9821 32 32
3819 9860 9860 32 32
3820 9900 9900 32 32
3821 9938 9938 32 32
3822 9958 9958 32 32
3823 8894 8894 32 32
3824 3133 3133 32 32
3825 -1889 -1889 32 32
3826 -3504 -3504 32 32
3827 -4497 -4497 32 32
3828 -5096 -5096 32 32
3829 -5596 -5596 32 32
3830 -5979 -5979 32 32
3831 -6338 -6338 32 32
3832 -6627 -6627 32 32
3833 -6876 -6876 32 32
3834 -7093 -7093 32 32
3835 -7305 -7305 32 32
3836 -7507 -7507 32 32
3837 -7697 -7697 32 32
3838 -7863 -7863 32 32
3839 -8011 -8011 32 32
3840 -8143 -8143 32 32
3841 -8263 -8263 32 32
3842 -8374 -8374 32 32
3843 -8484 -8484 32 32
3844 -8593 -8593 32 32
3845 -8700 -8700 32 32
3846 -8803 -8803 32 32
3847 -8901 -8901 32 32
3848 -8995 -8995 32 32
3849 -9085 -9085 32 32
3850 -9170 -9170 32 32
3851 -9249 -9249 32 32
3852 -9321 -9321 32 32
3853 -9387 -9387 32 32
3854 -9447 -9447 32 32
3855 -9502 -9502 32 32
3856 -9553 -9553 32 32
3857 -9600 -9600 32 32
3858 -9645 -9645 32 32
3859 -9687 -9687 32 32
3860 -9727 -9727 32 32
3861 -9768 -9768 32 32
3862 -9809 -9809 32 32
3863 -9848 -9848 32 32
3864 -9890 -9890 32 32
3865 -9923 -9923 32 32
3866 -9971 -9971 32 32
3867 -9991 -9991 32 32
3868 -10053 -10053 32 32
3869 -10042 -10042 32 32
3870 -10089 -10089 32 32
3871 -8131 -8131 32 32
3872 -1753 -1753 32 32
3873 2396 2396 32 32
3874 3755 3755 32 32
3875 4652 4652 32 32
3876 5212 5212 32 32
3877 5680 5680 32 32
3878 6055 6055 32 32
3879 6398 6398 32 32
3880 6675 6675 32 32
3881 6914 6914 32 32
3882 7129 7129 32 32
3883 7338 7338 32 32
3884 7538 7538 32 32
3885 7722 7722 32 32
3886 7884 7884 32 32
3887 8027 8027 32 32
3888 8156 8156 32 32
3889 8273 8273 32 32
3890 8382 8382 32 32
3891 8492 8492 32 32
3892 8601 8601 32 32
3893 8706 8706 32 32
3894 8808 8808 32 32
3895 8906 8906 32 32
3896 8998 8998 32 32
3897 9087 9087 32 32
3898 9171 9171 32 32
3899 9247 9247 32 32
3900 9317 9317 32 32
3901 9381 9381 32 32
3902 9441 9441 32 32
3903 9494 9494 32 32
3904 9545 9545 32 32
3905 9591 9591 32 32
3906 9635 9635 32 32
3907 9675 9675 32 32
3908 9719 9719 32 32
3909 9753 9753 32 32
3910 9806 9806 32 32
3911 9824 9824 32 32
3912 9899 9899 32 32
3913 9875 9875 32 32
3914 9917 9917 32 32
3915 7508 7508 32 32
3916 1089 1089 32 32
3917 -2582 -2582 32 32
3918 -3850 -3850 32 32
3919 -4700 -4700 32 32
3920 -5252 -5252 32 32
3921 -5704 -5704 32 32
3922 -6078 -6078 32 32
3923 -6414 -6414 32 32
3924 -6687 -6687 32 32
3925 -6923 -6923 32 32
3926 -7136 -7136 32 32
3927 -7344 -7344 32 32
3928 -7543 -7543 32 32
3929 -7725 -7725 32 32
3930 -7884 -7884 32 32
3931 -8026 -8026 32 32
3932 -8154 -8154 32 32
3933 -8269 -8269 32 32
3934 -8379 -8379 32 32
3935 -8489 -8489 32 32
3936 -8597 -8597 32 32
3937 -8702 -8702 32 32
3938 -8803 -8803 32 32
3939 -8900 -8900 32 32
3940 -8993 -8993 32 32
3941 -9080 -9080 32 32
3942 -9163 -9163 32 32
3943 -9240 -9240 32 32
3944 -9309 -9309 32 32
3945 -9372 -9372 32 32
3946 -9431 -9431 32 32
3947 -9485 -9485 32 32
3948 -9534 -9534 32 32
3949 -9581 -9581 32 32
3950 -9624 -9624 32 32
3951 -9665 -9665 32 32
3952 -9705 -9705 32 32
3953 -9746 -9746 32 32
3954 -9786 -9786 32 32
3955 -9826 -9826 32 32
3956 -9867 -9867 32 32
3957 -9899 -9899 32 32
3958 -9951 -9951 32 32
3959 -9959 -9959 32 32
3960 -10044 -10044 32 32
3961 -9992 -9992 32 32
3962 -9928 -9928 32 32
3963 -6410 -6410 32 32
3964 26 26 32 32
3965 2900 2900 32 32
3966 4059 4059 32 32
3967 4811 4811 32 32
3968 5349 5349 32 32
3969 5773 5773 32 32
3970 6144 6144 32 32
3971 6463 6463 32 32
3972 6728 6728 32 32
3973 6955 6955 32 32
3974 7167 7167 32 32
3975 7373 7373 32 32
3976 7569 7569 32 32
3977 7746 7746 32 32
3978 7901 7901 32 32
3979 8039 8039 32 32
3980 8164 8164 32 32
3981 8277 8277 32 32
3982 8386 8386 32 32
3983 8495 8495 32 32
