0 1 0 000000000000 0 0 1
0 1 0 000000000000 0 0 1
0 1 0 000000000000 0 0 1
0 1 0 000000000000 0 0 1
0 0 0 000000000000 15 0 0
1 0 1 000000bc614e 0 1 0
1 0 -1 ffffff439eb2 1 1 0
1 0 2 000040000000 2 1 0
1 0 -2 ffffc0000000 3 1 0
1 0 3 000000000001 4 1 0
1 0 -3 ffffffffffff 5 1 0
1 0 1 000000bc614e 6 1 0
1 0 -1 ffffff439eb2 7 1 0
1 0 2 000040000000 8 1 0
1 0 -2 ffffc0000000 9 1 0
1 0 3 000000000001 10 1 0
1 0 -3 ffffffffffff 11 1 0
1 0 1 000000bc614e 12 1 0
1 0 -1 ffffff439eb2 13 1 0
1 0 2 000040000000 14 1 0
1 0 -2 ffffc0000000 15 0 0
0 0 0 000000000000 15 0 0
0 0 0 000000000000 15 0 0
1 0 -1 ffffff439eb2 0 1 0
1 0 1 000040000000 1 1 0
1 0 -2 ffffc0000000 2 1 0
1 0 2 000000000001 3 1 0
1 0 -3 ffffffffffff 4 1 0
1 0 3 000000bc614e 5 1 0
1 0 -1 ffffff439eb2 6 1 0
1 0 1 000040000000 7 1 0
1 0 -2 ffffc0000000 8 1 0
1 0 2 000000000001 9 1 0
1 0 -3 ffffffffffff 10 1 0
1 0 3 000000bc614e 11 1 0
1 0 -1 ffffff439eb2 12 1 0
1 0 1 000040000000 13 1 0
1 0 -2 ffffc0000000 14 1 0
1 0 2 000000000001 15 0 0
0 0 0 000000000000 15 0 0
0 0 0 000000000000 15 0 0
1 0 32767 000040000000 0 1 0
1 0 -32768 ffffc0000000 1 1 0
1 0 32767 000000000001 2 1 0
1 0 -32768 ffffffffffff 3 1 0
1 0 32767 000000bc614e 4 1 0
1 0 -32768 ffffff439eb2 5 1 0
1 0 32767 000040000000 6 1 0
1 0 -32768 ffffc0000000 7 1 0
1 0 32767 000000000001 8 1 0
1 0 -32768 ffffffffffff 9 1 0
1 0 32767 000000bc614e 10 1 0
1 0 -32768 ffffff439eb2 11 1 0
1 0 32767 000040000000 12 1 0
1 0 -32768 ffffc0000000 13 1 0
1 0 32767 000000000001 14 1 0
1 0 -32768 ffffffffffff 15 0 0
0 0 0 000000000000 15 0 0
0 0 0 000000000000 15 0 0
1 0 12345 ffffc0000000 0 1 1
1 0 -12345 000000000001 1 1 1
1 0 8191 ffffffffffff 2 1 1
1 0 -8192 000000bc614e 3 1 0
1 0 5 ffffff439eb2 4 1 0
1 0 -5 000040000000 5 1 0
1 0 12345 ffffc0000000 6 1 0
1 0 -12345 000000000001 7 1 0
1 0 8191 ffffffffffff 8 1 0
1 0 -8192 000000bc614e 9 1 0
1 0 5 ffffff439eb2 10 1 0
1 0 -5 000040000000 11 1 0
1 0 12345 ffffc0000000 12 1 0
1 0 -12345 000000000001 13 1 0
1 0 8191 ffffffffffff 14 1 0
1 0 -8192 000000bc614e 15 0 0
0 0 0 000000000000 15 0 0
0 0 0 000000000000 15 0 0
1 0 257 000000000001 0 1 0
1 0 -257 ffffffffffff 1 1 0
1 0 6553 000000bc614e 2 1 0
1 0 -6553 ffffff439eb2 3 1 0
1 0 4096 000040000000 4 1 0
1 0 -4096 ffffc0000000 5 1 0
1 0 257 000000000001 6 1 0
1 0 -257 ffffffffffff 7 1 0
1 0 6553 000000bc614e 8 1 0
1 0 -6553 ffffff439eb2 9 1 0
1 0 4096 000040000000 10 1 0
1 0 -4096 ffffc0000000 11 1 0
1 0 257 000000000001 12 1 0
1 0 -257 ffffffffffff 13 1 0
1 0 6553 000000bc614e 14 1 0
1 0 -6553 ffffff439eb2 15 0 0
0 0 0 000000000000 15 0 0
0 0 0 000000000000 15 0 0
1 0 9890 ffffffffffff 0 1 0
1 0 20309 000000bc614e 1 1 0
1 0 -17676 ffffff439eb2 2 1 0
1 0 -3271 000040000000 3 1 0
1 0 -10004 ffffc0000000 4 1 0
1 0 -27914 000000000001 5 1 0
1 0 7845 ffffffffffff 6 1 0
1 0 -12573 000000bc614e 7 1 0
1 0 -18043 ffffff439eb2 8 1 0
1 0 28615 000040000000 9 1 0
1 0 -1855 ffffc0000000 10 1 0
1 0 -1668 000000000001 11 1 0
1 0 873 ffffffffffff 12 1 0
1 0 26996 000000bc614e 13 1 0
1 0 -14559 ffffff439eb2 14 1 0
1 0 22043 000040000000 15 0 0
0 0 0 000000000000 15 0 0
0 0 0 000000000000 15 0 0
1 0 32767 000000bc614e 0 1 0
1 0 -32768 ffffff439eb2 1 1 0
1 0 32767 000040000000 2 1 0
1 0 -32768 ffffc0000000 3 1 0
1 0 32767 000000000001 4 1 0
1 0 -32768 ffffffffffff 5 1 0
1 0 32767 000000bc614e 6 1 0
1 0 -32768 ffffff439eb2 7 1 0
1 0 32767 000040000000 8 1 0
1 0 -32768 ffffc0000000 9 1 0
1 0 32767 000000000001 10 1 0
1 0 -32768 ffffffffffff 11 1 0
1 0 32767 000000bc614e 12 1 0
1 0 -32768 ffffff439eb2 13 1 0
1 0 32767 000040000000 14 1 0
1 0 -32768 ffffc0000000 15 0 0
0 0 0 000000000000 15 0 0
0 0 0 000000000000 15 0 0
1 0 32767 ffffff439eb2 0 1 0
1 0 32767 000040000000 1 1 0
1 0 -32768 ffffc0000000 2 1 0
1 0 -32768 000000000001 3 1 0
1 0 777 ffffffffffff 4 1 0
1 0 -777 000000bc614e 5 1 0
1 0 32767 ffffff439eb2 6 1 0
1 0 32767 000040000000 7 1 0
1 0 -32768 ffffc0000000 8 1 0
1 0 -32768 000000000001 9 1 0
1 0 777 ffffffffffff 10 1 0
1 0 -777 000000bc614e 11 1 0
1 0 32767 ffffff439eb2 12 1 0
1 0 32767 000040000000 13 1 0
1 0 -32768 ffffc0000000 14 1 0
1 0 -32768 000000000001 15 0 0
0 0 0 000000000000 15 0 0
